0:00:01.605224;0.15029215812683;1.1925370693207;0.24761486053467;
0:00:01.676469;0.15214800834656;1.2779018878937;0.2312319278717;
0:00:01.674231;0.14849495887756;1.2844259738922;0.22690200805664;
0:00:01.741161;0.14752006530762;1.3362128734589;0.23444986343384;
0:00:01.699825;0.23803782463074;1.2146189212799;0.23286104202271;
0:00:01.715666;0.14965009689331;1.3153560161591;0.23573708534241;
0:00:01.599234;0.14820384979248;1.2031610012054;0.23314118385315;
0:00:01.702126;0.15115690231323;1.3072791099548;0.22840714454651;
0:00:01.715997;0.15018916130066;1.3223850727081;0.22771501541138;
0:00:01.717852;0.1497540473938;1.3199348449707;0.23289704322815;
0:00:01.731623;0.15338397026062;1.3274810314178;0.23592591285706;
0:00:01.616524;0.15119218826294;1.2211108207703;0.22926497459412;
0:00:01.663948;0.14721012115479;1.2702748775482;0.23165512084961;
0:00:02.057883;0.15098714828491;1.6577229499817;0.23394417762756;
0:00:02.743632;0.16360282897949;2.337100982666;0.22829699516296;
0:00:02.298561;0.15723204612732;1.8968920707703;0.22960996627808;
0:00:02.221088;0.15088105201721;1.8168478012085;0.23876714706421;
0:00:02.610591;0.14767384529114;2.2128539085388;0.23539996147156;
0:00:02.185451;0.14985609054565;1.7858381271362;0.23542714118958;
0:00:02.161873;0.15228581428528;1.761528968811;0.23306894302368;
0:00:02.202497;0.16356301307678;1.795264005661;0.22889018058777;
0:00:02.276471;0.15171790122986;1.878968000412;0.23082709312439;
0:00:02.248678;0.15157198905945;1.8461010456085;0.23592185974121;
0:00:01.893406;0.1473400592804;1.5048990249634;0.22697496414185;
0:00:02.098970;0.14883399009705;1.7020390033722;0.233638048172;
0:00:02.015733;0.15093398094177;1.6170561313629;0.23277592658997;
0:00:02.170956;0.14543414115906;1.7826130390167;0.22814297676086;
0:00:01.814649;0.15754103660583;1.4137139320374;0.22873616218567;
0:00:01.705872;0.15013098716736;1.3032469749451;0.23795008659363;
0:00:02.131809;0.14907312393188;1.7069480419159;0.26062417030334;
0:00:01.689570;0.15485715866089;1.2803699970245;0.23826789855957;
0:00:01.743753;0.15233111381531;1.343722820282;0.23338508605957;
0:00:01.701910;0.14853620529175;1.310818195343;0.22800588607788;
0:00:02.223064;0.14632105827332;1.8273279666901;0.23501396179199;
0:00:01.650907;0.22731614112854;1.1684849262238;0.23970699310303;
0:00:01.732924;0.14738798141479;1.3440670967102;0.22611904144287;
0:00:01.747639;0.14871191978455;1.3515419960022;0.23252987861633;
0:00:01.859432;0.15403819084167;1.4487750530243;0.24151992797852;
0:00:01.613256;0.1485071182251;1.2171518802643;0.23268890380859;
0:00:01.579991;0.15048885345459;1.180328130722;0.23490405082703;
0:00:01.664354;0.14908909797668;1.2675809860229;0.23227286338806;
0:00:01.744114;0.1484260559082;1.3469460010529;0.23392796516418;
0:00:01.809324;0.16952204704285;1.378643989563;0.24639391899109;
0:00:01.717568;0.15592503547668;1.3150060176849;0.23202514648438;
0:00:01.815020;0.15424299240112;1.4118669033051;0.23376202583313;
0:00:01.807100;0.15461921691895;1.4046490192413;0.23344087600708;
0:00:02.016060;0.15567302703857;1.6099400520325;0.23505902290344;
0:00:01.700847;0.16418218612671;1.2879378795624;0.23422598838806;
0:00:01.644673;0.14929819107056;1.2451961040497;0.23536515235901;
0:00:01.870665;0.14982104301453;1.4778351783752;0.22849202156067;
0:00:01.646707;0.14743208885193;1.2422690391541;0.24073195457458;
0:00:01.712503;0.14767909049988;1.3156089782715;0.23392701148987;
0:00:01.690240;0.15319800376892;1.2886669635773;0.23324990272522;
0:00:01.608186;0.14729285240173;1.2175209522247;0.22914791107178;
0:00:01.702075;0.14990210533142;1.2994840145111;0.23894596099854;
0:00:01.725334;0.15190696716309;1.3243608474731;0.23447895050049;
0:00:02.097520;0.14673185348511;1.6061749458313;0.3237829208374;
0:00:01.630523;0.15372586250305;1.2283999919891;0.23271107673645;
0:00:01.586912;0.1551558971405;1.1860580444336;0.23134589195251;
0:00:01.820857;0.14772391319275;1.4240798950195;0.23362684249878;
0:00:01.870734;0.23665881156921;1.3807129859924;0.2386589050293;
0:00:02.101146;0.15329003334045;1.6990978717804;0.23349499702454;
0:00:01.543285;0.15006995201111;1.1511640548706;0.22751808166504;
0:00:01.592959;0.1476719379425;1.2026059627533;0.22778820991516;
0:00:02.006280;0.15142703056335;1.579726934433;0.25961112976074;
0:00:01.845120;0.15168905258179;1.4325759410858;0.24306988716125;
0:00:02.111865;0.14961004257202;1.695032119751;0.25232100486755;
0:00:01.649244;0.15214109420776;1.2510030269623;0.23146080970764;
0:00:01.586387;0.14674615859985;1.1961989402771;0.22886085510254;
0:00:01.695624;0.14883708953857;1.2965400218964;0.23568606376648;
0:00:01.756616;0.16166400909424;1.3439340591431;0.2365448474884;
0:00:01.646384;0.14886498451233;1.2504279613495;0.23214888572693;
0:00:01.716893;0.16016006469727;1.2992548942566;0.24260210990906;
0:00:01.629921;0.1571831703186;1.2239398956299;0.23431897163391;
0:00:01.780100;0.14862704277039;1.3888709545135;0.22828912734985;
0:00:01.711087;0.14871096611023;1.3146650791168;0.23258185386658;
0:00:01.596440;0.14980697631836;1.1989541053772;0.23233985900879;
0:00:01.762308;0.14952707290649;1.3654069900513;0.23287487030029;
0:00:02.117025;0.14812707901001;1.7191560268402;0.23372602462769;
0:00:02.132733;0.153813123703;1.7240350246429;0.24005198478699;
0:00:02.300501;0.15248394012451;1.900083065033;0.23217010498047;
0:00:02.187110;0.1472020149231;1.795138835907;0.23017406463623;
0:00:02.223733;0.15195488929749;1.8120501041412;0.24416017532349;
0:00:02.737132;0.14873600006104;2.3438930511475;0.22984004020691;
0:00:02.037374;0.16781115531921;1.614355802536;0.24057102203369;
0:00:01.992747;0.15104389190674;1.5953500270844;0.23184108734131;
0:00:02.117957;0.15074801445007;1.7170431613922;0.23547792434692;
0:00:02.409162;0.14878797531128;2.0117728710175;0.23368096351624;
0:00:02.064754;0.15130186080933;1.6616351604462;0.2371461391449;
0:00:02.389129;0.14968514442444;1.8291010856628;0.39539694786072;
0:00:02.052914;0.15256285667419;1.6384129524231;0.23989701271057;
0:00:01.991598;0.1500678062439;1.5995199680328;0.22716403007507;
0:00:01.912897;0.14625215530396;1.5208849906921;0.2315559387207;
0:00:01.591991;0.14680695533752;1.2018117904663;0.2275059223175;
0:00:01.619995;0.15066194534302;1.2184171676636;0.23597097396851;
0:00:01.580021;0.1495840549469;1.1827828884125;0.23296594619751;
0:00:01.762974;0.14900994300842;1.3620188236237;0.23788905143738;
0:00:01.969780;0.15035390853882;1.5724289417267;0.2327618598938;
0:00:01.553536;0.14697790145874;1.1607120037079;0.23099803924561;
0:00:01.765028;0.14674091339111;1.3677508831024;0.23535513877869;
0:00:01.931133;0.1521201133728;1.5259878635406;0.23785400390625;
0:00:01.618888;0.14910197257996;1.2267038822174;0.2286581993103;
0:00:02.136481;0.14927291870117;1.7391159534454;0.23363590240479;
0:00:01.737124;0.15065598487854;1.3415591716766;0.23034191131592;
0:00:01.591861;0.14520001411438;1.2000780105591;0.23166799545288;
0:00:01.692168;0.15010499954224;1.2967929840088;0.23001289367676;
0:00:01.695149;0.1496570110321;1.2930769920349;0.23492884635925;
0:00:02.050317;0.14688110351562;1.654550075531;0.23463201522827;
0:00:01.629891;0.14822292327881;1.2354199886322;0.23201107978821;
0:00:01.646074;0.1501190662384;1.2508208751678;0.23086214065552;
0:00:01.757133;0.14738798141479;1.3575301170349;0.23096609115601;
0:00:01.618731;0.14833116531372;1.2094101905823;0.24647903442383;
0:00:01.705068;0.14878296852112;1.3091588020325;0.23226404190063;
0:00:01.688076;0.14966607093811;1.2950270175934;0.22849893569946;
0:00:01.774615;0.14780402183533;1.3815839290619;0.23096108436584;
0:00:02.055771;0.15125489234924;1.6552150249481;0.23465299606323;
0:00:01.730795;0.15620994567871;1.3279831409454;0.23242807388306;
0:00:01.823579;0.14792609214783;1.421767950058;0.23902106285095;
0:00:01.632138;0.15239715576172;1.2227339744568;0.2419068813324;
0:00:01.610440;0.15407299995422;1.2128019332886;0.22901105880737;
0:00:01.773412;0.14936113357544;1.377434015274;0.2318639755249;
0:00:01.617224;0.16719102859497;1.2011339664459;0.23453998565674;
0:00:02.033604;0.15116882324219;1.6405458450317;0.22728300094604;
0:00:01.865420;0.1468300819397;1.4628880023956;0.24112796783447;
0:00:01.789131;0.15593695640564;1.3863110542297;0.23205614089966;
0:00:01.639823;0.14661717414856;1.2522759437561;0.22656798362732;
0:00:01.815172;0.14930891990662;1.4179220199585;0.23334884643555;
0:00:01.916739;0.15321707725525;1.5163331031799;0.23254990577698;
0:00:01.621374;0.14704990386963;1.231997013092;0.22767782211304;
0:00:01.687537;0.14672183990479;1.2929880619049;0.23250699043274;
0:00:01.643889;0.15139508247375;1.2436640262604;0.23362493515015;
0:00:01.685885;0.15288901329041;1.2831189632416;0.23459601402283;
0:00:01.942262;0.1598539352417;1.5203142166138;0.24808812141418;
0:00:01.883265;0.15177202224731;1.4827888011932;0.23401403427124;
0:00:01.711642;0.14864087104797;1.3163549900055;0.23271298408508;
0:00:01.691473;0.1489531993866;1.2953808307648;0.23198795318604;
0:00:01.752333;0.15113496780396;1.352334022522;0.23485994338989;
0:00:02.366438;0.15058588981628;1.9650821685791;0.23621296882629;
0:00:01.833594;0.14985990524292;1.4368660449982;0.23236489295959;
0:00:01.706782;0.15139698982239;1.3109741210938;0.22971487045288;
0:00:01.866273;0.14906215667725;1.4731252193451;0.22985601425171;
0:00:01.774485;0.14831686019897;1.3779571056366;0.23358798027039;
0:00:02.055460;0.15056705474854;1.6578469276428;0.23353910446167;
0:00:02.303757;0.15056395530701;1.9056560993195;0.23295211791992;
0:00:02.209202;0.14709711074829;1.8167309761047;0.23051905632019;
0:00:02.272886;0.15104198455811;1.8022248744965;0.30520510673523;
0:00:02.523218;0.15021181106567;2.1252870559692;0.22615218162537;
0:00:02.171229;0.14598202705383;1.7771029472351;0.23308110237122;
0:00:02.130316;0.150221824646;1.7299988269806;0.23583507537842;
0:00:02.108252;0.14721298217773;1.7136631011963;0.23226809501648;
0:00:02.133306;0.15052103996277;1.7268881797791;0.24059700965881;
0:00:02.032020;0.23685097694397;1.4943778514862;0.2853410243988;
0:00:02.086389;0.14825487136841;1.692656993866;0.23055005073547;
0:00:02.494855;0.15135407447815;2.0872111320496;0.23450994491577;
0:00:01.958189;0.15277600288391;1.5566627979279;0.23397493362427;
0:00:02.076774;0.14689803123474;1.5497941970825;0.36546301841736;
0:00:01.896897;0.14953780174255;1.5013930797577;0.2320032119751;
0:00:01.725198;0.15216302871704;1.3254420757294;0.23254895210266;
0:00:01.853114;0.14797806739807;1.4644548892975;0.22632503509521;
0:00:01.773230;0.14836502075195;1.3798129558563;0.23015999794006;
0:00:01.997337;0.150710105896;1.5919110774994;0.23974108695984;
0:00:02.037708;0.14880800247192;1.6382319927216;0.23651385307312;
0:00:02.278429;0.15848898887634;1.8773760795593;0.22844099998474;
0:00:02.113933;0.14985203742981;1.7162520885468;0.23283100128174;
0:00:02.011092;0.14731693267822;1.6050589084625;0.24402189254761;
0:00:02.028877;0.1464250087738;1.6360371112823;0.23141288757324;
0:00:02.252305;0.16431188583374;1.8272058963776;0.24618792533875;
0:00:02.403759;0.15100193023682;1.9854781627655;0.25147604942322;
0:00:02.172111;0.15805387496948;1.757178068161;0.24010300636292;
0:00:02.099496;0.15319609642029;1.6974930763245;0.23434996604919;
0:00:01.993349;0.16279602050781;1.5747239589691;0.24099898338318;
0:00:02.098632;0.14786791801453;1.7066638469696;0.22915005683899;
0:00:01.932637;0.14979314804077;1.5370807647705;0.23110413551331;
0:00:02.003328;0.14813208580017;1.612920999527;0.22774600982666;
0:00:01.573763;0.14991092681885;1.1717631816864;0.23718309402466;
0:00:01.807921;0.14963507652283;1.41282081604;0.23083400726318;
0:00:01.335049;0.14639616012573;0.94761109352112;0.22633790969849;
0:00:01.735674;0.14638900756836;1.3412160873413;0.23351812362671;
0:00:01.351671;0.1506450176239;0.9553701877594;0.22965097427368;
0:00:01.888169;0.14823889732361;1.493262052536;0.232008934021;
0:00:01.641779;0.14853286743164;1.2404680252075;0.23808789253235;
0:00:01.496603;0.15220594406128;1.0973460674286;0.23258280754089;
0:00:01.750855;0.15335083007812;1.3479361534119;0.23474884033203;
0:00:01.493569;0.14678311347961;1.0981030464172;0.23364114761353;
0:00:01.546160;0.15208411216736;1.1460030078888;0.23307299613953;
0:00:01.635237;0.15403509140015;1.2260138988495;0.23978710174561;
0:00:01.518243;0.14964199066162;1.1212530136108;0.2326991558075;
0:00:01.694944;0.15841507911682;1.2829389572144;0.23818111419678;
0:00:01.577925;0.15457916259766;1.1605658531189;0.24455404281616;
0:00:01.671787;0.1490490436554;1.2740049362183;0.23364305496216;
0:00:01.472000;0.15072894096375;1.0553288459778;0.25145816802979;
0:00:01.725517;0.14607715606689;1.2177460193634;0.346510887146;
0:00:01.497856;0.15075397491455;1.1017870903015;0.23085308074951;
0:00:01.911231;0.15279483795166;1.4995300769806;0.24440217018127;
0:00:01.556741;0.15018105506897;1.1638519763947;0.22759509086609;
0:00:01.566311;0.14610600471497;1.1742508411407;0.23071193695068;
0:00:01.782378;0.15134000778198;1.3855459690094;0.23090195655823;
0:00:01.510485;0.14765119552612;1.1196739673615;0.22888708114624;
0:00:02.045672;0.14914107322693;1.6451799869537;0.23639702796936;
0:00:01.417800;0.15333104133606;1.0152411460876;0.23480606079102;
0:00:01.511757;0.14579296112061;1.1199629306793;0.23055505752563;
0:00:01.930337;0.14727377891541;1.5337769985199;0.23436403274536;
0:00:01.674288;0.14971613883972;1.279443025589;0.23053693771362;
0:00:01.395551;0.14957308769226;0.99982094764709;0.23186802864075;
0:00:01.698746;0.14798998832703;1.3069629669189;0.22927498817444;
0:00:01.487062;0.15365099906921;1.0879509449005;0.23090600967407;
0:00:01.661731;0.14967894554138;1.2681410312653;0.22925901412964;
0:00:01.991535;0.1523540019989;1.5931210517883;0.23084807395935;
0:00:02.664485;0.15161085128784;2.2576129436493;0.24015092849731;
0:00:02.348821;0.14931893348694;1.9342579841614;0.24351000785828;
0:00:02.245991;0.17333006858826;1.8188869953156;0.2390148639679;
0:00:02.088025;0.15259099006653;1.6923880577087;0.22817397117615;
0:00:02.507696;0.15027594566345;2.1011800765991;0.24126195907593;
0:00:02.278705;0.14977312088013;1.8855650424957;0.22861313819885;
0:00:02.078668;0.16459107398987;1.6630301475525;0.23640298843384;
0:00:02.101246;0.14768004417419;1.7047181129456;0.23444104194641;
0:00:02.429701;0.14890694618225;2.0281949043274;0.23708009719849;
0:00:01.887769;0.15060520172119;1.4909300804138;0.23145794868469;
0:00:01.973071;0.14778399467468;1.58069896698;0.23024320602417;
0:00:02.071099;0.14769387245178;1.6774890422821;0.23114418983459;
0:00:01.970828;0.15208506584167;1.5636639595032;0.24093294143677;
0:00:01.688322;0.15006899833679;1.2890160083771;0.23430800437927;
0:00:01.757061;0.16121792793274;1.3475069999695;0.23377895355225;
0:00:01.739266;0.1517870426178;1.3378698825836;0.23492097854614;
0:00:01.723968;0.1487078666687;1.3326501846313;0.22782897949219;
0:00:01.992451;0.14832305908203;1.6010608673096;0.22860908508301;
0:00:01.736814;0.15288710594177;1.3222980499268;0.2472620010376;
0:00:01.655701;0.16424989700317;1.2471311092377;0.22968506813049;
0:00:01.655532;0.1473081111908;1.2641758918762;0.22914600372314;
0:00:01.613852;0.15119886398315;1.2191009521484;0.2291259765625;
0:00:01.644946;0.14763498306274;1.2527370452881;0.22985816001892;
0:00:01.513496;0.15047383308411;1.1060409545898;0.24203896522522;
0:00:01.684119;0.16745901107788;1.2711079120636;0.23102307319641;
0:00:01.530239;0.14808177947998;1.1365211009979;0.23114204406738;
0:00:01.997462;0.14767479896545;1.605633020401;0.2296199798584;
0:00:01.654135;0.15038919448853;1.2573938369751;0.23182082176208;
0:00:01.651414;0.14764404296875;1.2571220397949;0.23153400421143;
0:00:01.749195;0.14831399917603;1.3497769832611;0.2352020740509;
0:00:01.656904;0.14983296394348;1.2454550266266;0.24691104888916;
0:00:02.061178;0.15238285064697;1.6597349643707;0.23413014411926;
0:00:01.758277;0.14926385879517;1.3600380420685;0.23434996604919;
0:00:01.637150;0.1514949798584;1.2403829097748;0.23051905632019;
0:00:01.666370;0.14672303199768;1.2613310813904;0.2439649105072;
0:00:01.807794;0.14955115318298;1.4067549705505;0.23628687858582;
0:00:02.262288;0.15227913856506;1.8558299541473;0.23946595191956;
0:00:01.626352;0.14888000488281;1.2312710285187;0.23152995109558;
0:00:01.700431;0.14969897270203;1.3016500473022;0.23413515090942;
0:00:01.630671;0.15281510353088;1.2305839061737;0.23277902603149;
0:00:01.672468;0.14972996711731;1.2602558135986;0.24734807014465;
0:00:01.665951;0.14672493934631;1.2722980976105;0.23204016685486;
0:00:01.698841;0.15096807479858;1.2976009845734;0.23432302474976;
0:00:01.571790;0.1497631072998;1.1783900260925;0.2291259765625;
0:00:01.640733;0.15043306350708;1.232479095459;0.24316096305847;
0:00:01.733118;0.16721487045288;1.2890129089355;0.26157808303833;
0:00:01.975405;0.14707899093628;1.5837020874023;0.23000001907349;
0:00:01.533282;0.1472430229187;1.1404349803925;0.2309308052063;
0:00:01.695233;0.15011596679688;1.2909669876099;0.23958897590637;
0:00:01.689093;0.14968609809875;1.2893290519714;0.23511505126953;
0:00:01.903126;0.14859080314636;1.4978919029236;0.24172019958496;
0:00:01.631237;0.15070295333862;1.2366919517517;0.22904300689697;
0:00:01.810748;0.21799492835999;1.3482201099396;0.22935009002686;
0:00:01.755410;0.14954090118408;1.3593008518219;0.23189687728882;
0:00:01.688649;0.15278100967407;1.2827410697937;0.23820400238037;
0:00:01.778892;0.16306090354919;1.3609280586243;0.24027800559998;
0:00:01.643154;0.15228486061096;1.244176864624;0.23183178901672;
0:00:01.689734;0.15210700035095;1.2923369407654;0.23114085197449;
0:00:01.663507;0.14576482772827;1.2758831977844;0.22759985923767;
0:00:01.870064;0.15357494354248;1.3716051578522;0.32708096504211;
0:00:01.740955;0.16455483436584;1.3256249427795;0.23475289344788;
0:00:01.741195;0.14967012405396;1.3438308238983;0.233158826828;
0:00:01.782587;0.14640998840332;1.3931188583374;0.22902202606201;
0:00:01.672901;0.15140414237976;1.2758271694183;0.23108410835266;
0:00:02.017389;0.14829301834106;1.6239700317383;0.23058795928955;
0:00:02.389896;0.15076994895935;1.9881389141083;0.23590397834778;
0:00:02.266800;0.1679470539093;1.8366990089417;0.24795293807983;
0:00:01.950546;0.14680409431458;1.55260181427;0.23610496520996;
0:00:02.346216;0.14889693260193;1.9444780349731;0.23898911476135;
0:00:02.554425;0.15269088745117;2.1487588882446;0.23839092254639;
0:00:02.114606;0.15030598640442;1.7180380821228;0.23106503486633;
0:00:02.100956;0.16516280174255;1.6907811164856;0.23023986816406;
0:00:02.141401;0.15134882926941;1.7319338321686;0.24365711212158;
0:00:02.017099;0.14866781234741;1.6037621498108;0.25056600570679;
0:00:02.253139;0.14951586723328;1.8558669090271;0.23353481292725;
0:00:02.057343;0.14948987960815;1.6643860340118;0.22850322723389;
0:00:02.002583;0.15489196777344;1.606113910675;0.22688221931458;
0:00:01.970277;0.14920210838318;1.577791929245;0.22870016098022;
0:00:02.026386;0.15189385414124;1.6200289726257;0.23254609107971;
0:00:01.593775;0.14556002616882;1.1999042034149;0.23323607444763;
0:00:01.676802;0.14633107185364;1.1314539909363;0.38440084457397;
0:00:01.675383;0.15232181549072;1.2752771377563;0.23249793052673;
0:00:01.703670;0.15270495414734;1.3064789772034;0.22914505004883;
0:00:01.925678;0.14799499511719;1.5273599624634;0.2326238155365;
0:00:01.570859;0.15943312644958;1.1642029285431;0.23243808746338;
0:00:01.493247;0.14643383026123;1.1039609909058;0.22790217399597;
0:00:01.599918;0.14839601516724;1.2065110206604;0.23093318939209;
0:00:01.654031;0.15218591690063;1.2561559677124;0.23109197616577;
0:00:02.261293;0.14615297317505;1.8717050552368;0.22878408432007;
0:00:01.674162;0.14985203742981;1.27374792099;0.23565006256104;
0:00:01.623650;0.15189814567566;1.2147898674011;0.24252510070801;
0:00:01.655326;0.14566898345947;1.2616310119629;0.23346590995789;
0:00:02.218680;0.14979791641235;1.8062920570374;0.24804401397705;
0:00:01.638343;0.16020584106445;1.2332429885864;0.23020911216736;
0:00:01.538421;0.14788603782654;1.1373400688171;0.23852705955505;
0:00:01.722739;0.14957690238953;1.3250820636749;0.23303198814392;
0:00:01.697327;0.14942312240601;1.2964589595795;0.23667693138123;
0:00:01.815505;0.14867901802063;1.3755650520325;0.27667593955994;
0:00:01.703398;0.15013813972473;1.3007979393005;0.23742389678955;
0:00:01.635359;0.15021300315857;1.2370710372925;0.2329318523407;
0:00:01.595326;0.1616039276123;1.1897139549255;0.22847294807434;
0:00:01.764648;0.14921593666077;1.3622710704803;0.23794794082642;
0:00:01.977956;0.14924192428589;1.574816942215;0.23957991600037;
0:00:01.703711;0.14683794975281;1.3120021820068;0.23055696487427;
0:00:01.656098;0.14742803573608;1.2467200756073;0.24762797355652;
0:00:01.750489;0.15100502967834;1.3268430233002;0.25627589225769;
0:00:02.041876;0.35110306739807;1.4259049892426;0.24181890487671;
0:00:01.693384;0.14836001396179;1.2937669754028;0.23627805709839;
0:00:01.770852;0.15360188484192;1.3705661296844;0.23206806182861;
0:00:01.882397;0.1470799446106;1.481271982193;0.23928189277649;
0:00:01.927977;0.22253894805908;1.4521090984344;0.23744201660156;
0:00:02.006694;0.15304183959961;1.6018450260162;0.23639798164368;
0:00:01.956759;0.14975214004517;1.5659809112549;0.2262761592865;
0:00:01.669837;0.14864802360535;1.2726030349731;0.23397994041443;
0:00:01.717373;0.1505389213562;1.3134961128235;0.23904705047607;
0:00:01.634228;0.14819288253784;1.2410819530487;0.23012399673462;
0:00:01.648289;0.15105891227722;1.247654914856;0.23462390899658;
0:00:01.601494;0.15335512161255;1.2059299945831;0.22793102264404;
0:00:01.995476;0.14798307418823;1.6028869152069;0.22982001304626;
0:00:01.759710;0.14865398406982;1.3400301933289;0.25547099113464;
0:00:02.255180;0.2852520942688;1.7119288444519;0.24287796020508;
0:00:01.719128;0.14878702163696;1.3261601924896;0.229416847229;
0:00:01.798445;0.15007400512695;1.3915979862213;0.24216604232788;
0:00:01.614423;0.15146899223328;1.2108438014984;0.23758912086487;
0:00:01.690154;0.15162897109985;1.2753641605377;0.24849605560303;
0:00:02.024189;0.24307203292847;1.5375528335571;0.22902297973633;
0:00:01.694407;0.1511561870575;1.293534040451;0.2341160774231;
0:00:01.624250;0.14954495429993;1.2279591560364;0.23263502120972;
0:00:01.917660;0.1498339176178;1.5204801559448;0.23297190666199;
0:00:01.923168;0.15206503868103;1.5207788944244;0.23676300048828;
0:00:02.492662;0.14858222007751;2.1022069454193;0.22769594192505;
0:00:02.123043;0.14855790138245;1.7190690040588;0.24097204208374;
0:00:02.151299;0.15536594390869;1.7421429157257;0.23839902877808;
0:00:02.104498;0.18653798103333;1.6601390838623;0.24342012405396;
0:00:02.364225;0.14789295196533;1.9541771411896;0.24448680877686;
0:00:02.149967;0.15327596664429;1.6681480407715;0.31370997428894;
0:00:02.086085;0.14770197868347;1.6841790676117;0.2393901348114;
0:00:02.073302;0.15097308158875;1.6725339889526;0.23501205444336;
0:00:02.051917;0.14955306053162;1.6597189903259;0.22824096679688;
0:00:02.389186;0.14870190620422;1.9930191040039;0.23306083679199;
0:00:02.004149;0.14881491661072;1.6048138141632;0.23628211021423;
0:00:02.017008;0.15145015716553;1.6154689788818;0.23586893081665;
0:00:01.905083;0.15043497085571;1.5083410739899;0.23144507408142;
0:00:01.624432;0.14878582954407;1.2266960144043;0.23361682891846;
0:00:01.542975;0.15562415122986;1.137825012207;0.23410201072693;
0:00:01.567475;0.14864993095398;1.1734390258789;0.23071002960205;
0:00:01.659551;0.15237998962402;1.2436180114746;0.24823594093323;
0:00:01.582025;0.15258693695068;1.1691129207611;0.24663996696472;
0:00:01.670563;0.15778398513794;1.2708740234375;0.22720193862915;
0:00:01.982043;0.14789009094238;1.5804669857025;0.23915100097656;
0:00:01.493088;0.15106201171875;1.0919940471649;0.23544001579285;
0:00:01.624445;0.15200018882751;1.2274529933929;0.23081588745117;
0:00:01.584612;0.14840912818909;1.1850709915161;0.23421216011047;
0:00:01.618993;0.15163898468018;1.216922044754;0.23543620109558;
0:00:01.837375;0.15137386322021;1.4397051334381;0.23180818557739;
0:00:01.624725;0.14836096763611;1.2277231216431;0.23309898376465;
0:00:01.621594;0.15154099464417;1.2190809249878;0.23650693893433;
0:00:01.703640;0.14760494232178;1.3091819286346;0.23230004310608;
0:00:01.582020;0.14808392524719;1.1802289485931;0.23662686347961;
0:00:01.733508;0.15223288536072;1.3220200538635;0.24426603317261;
0:00:01.648504;0.15522193908691;1.2476959228516;0.23068785667419;
0:00:01.575762;0.14818596839905;1.1837451457977;0.2290210723877;
0:00:01.706874;0.14960598945618;1.3085401058197;0.23345303535461;
0:00:01.669843;0.14837884902954;1.2584609985352;0.24763917922974;
0:00:01.600722;0.14931607246399;1.2028710842133;0.23356604576111;
0:00:01.670412;0.15168786048889;1.2466261386871;0.25822496414185;
0:00:01.680823;0.14772701263428;1.2803208827972;0.23829197883606;
0:00:01.601155;0.14694809913635;1.2086040973663;0.23090791702271;
0:00:01.768336;0.15197706222534;1.3602569103241;0.24147701263428;
0:00:01.599863;0.14904189109802;1.2025830745697;0.23386001586914;
0:00:01.628192;0.14996099472046;1.2146880626678;0.24905800819397;
0:00:01.603341;0.14876389503479;1.2095460891724;0.2308611869812;
0:00:01.492075;0.148118019104;1.1026620864868;0.22676801681519;
0:00:01.806239;0.22413611412048;1.3338298797607;0.23327994346619;
0:00:01.687311;0.15168118476868;1.2800011634827;0.24134302139282;
0:00:01.934108;0.1470148563385;1.5394020080566;0.23269605636597;
0:00:01.693415;0.14730596542358;1.2867579460144;0.24487090110779;
0:00:01.743809;0.16202187538147;1.3201820850372;0.24683904647827;
0:00:02.055612;0.14600992202759;1.6681880950928;0.22661900520325;
0:00:01.623833;0.14723300933838;1.2301092147827;0.23209691047668;
0:00:01.721765;0.15404105186462;1.3180029392242;0.23507499694824;
0:00:01.520350;0.14581108093262;1.1243131160736;0.23572397232056;
0:00:01.681246;0.15023112297058;1.2772228717804;0.23902702331543;
0:00:02.006753;0.16400098800659;1.5922482013702;0.23649096488953;
0:00:01.900988;0.14618301391602;1.5055968761444;0.23472499847412;
0:00:01.612079;0.14921903610229;1.2190880775452;0.22902703285217;
0:00:01.593314;0.15057301521301;1.1822619438171;0.24590301513672;
0:00:01.647736;0.14705014228821;1.2560608386993;0.2294659614563;
0:00:01.966025;0.14839601516724;1.5717179775238;0.23111915588379;
0:00:01.650789;0.16241812705994;1.2403440475464;0.23307013511658;
0:00:01.627498;0.14842915534973;1.2355220317841;0.22935700416565;
0:00:01.645370;0.14688682556152;1.2542221546173;0.22881317138672;
0:00:01.684556;0.15800213813782;1.2800061702728;0.2319769859314;
0:00:01.979637;0.15001702308655;1.5811040401459;0.23433613777161;
0:00:02.369766;0.14949798583984;1.9656708240509;0.23913407325745;
0:00:02.284585;0.15399193763733;1.8833630084991;0.23194909095764;
0:00:02.774179;0.15043091773987;2.38005900383;0.2295970916748;
0:00:02.185716;0.14506316184998;1.7667260169983;0.25868988037109;
0:00:02.360546;0.19898509979248;1.906368970871;0.2393810749054;
0:00:02.318072;0.14838886260986;1.9042408466339;0.25113105773926;
0:00:02.147097;0.15015196800232;1.7497849464417;0.23249912261963;
0:00:02.055462;0.15417695045471;1.6538829803467;0.23260903358459;
0:00:02.119102;0.19262313842773;1.6659719944;0.24607086181641;
0:00:01.929730;0.14959001541138;1.5254099369049;0.23998188972473;
0:00:02.001159;0.15328288078308;1.5993027687073;0.23313808441162;
0:00:01.991077;0.15040588378906;1.5907151699066;0.23533916473389;
0:00:01.941355;0.15384483337402;1.5370759963989;0.2360999584198;
0:00:01.788970;0.14983081817627;1.390928030014;0.23400688171387;
0:00:01.729493;0.15351414680481;1.3315131664276;0.23026704788208;
0:00:01.611015;0.1528627872467;1.2025828361511;0.23979306221008;
0:00:01.582559;0.15371799468994;1.1714811325073;0.24252390861511;
0:00:01.691024;0.15292620658875;1.2920429706573;0.23087596893311;
0:00:01.687814;0.14744687080383;1.292906999588;0.23324012756348;
0:00:02.144888;0.15436410903931;1.7426528930664;0.23327302932739;
0:00:01.696328;0.14591002464294;1.3031289577484;0.23179006576538;
0:00:01.725837;0.15031909942627;1.3313591480255;0.22905302047729;
0:00:01.610862;0.15082907676697;1.2038850784302;0.2414071559906;
0:00:01.717552;0.15173196792603;1.2915461063385;0.25998187065125;
0:00:01.936173;0.15396213531494;1.5359871387482;0.23134207725525;
0:00:01.588001;0.15907907485962;1.1833219528198;0.23036503791809;
0:00:01.584287;0.14738607406616;1.1912500858307;0.23078107833862;
0:00:01.668007;0.15034008026123;1.269434928894;0.23299098014832;
0:00:01.889340;0.15290093421936;1.4528591632843;0.26812720298767;
0:00:02.022949;0.15635299682617;1.6214928627014;0.23026895523071;
0:00:01.773432;0.16145896911621;1.3439741134644;0.2538161277771;
0:00:01.750889;0.15795993804932;1.3416910171509;0.23594212532043;
0:00:01.618547;0.14737987518311;1.2239470481873;0.23204588890076;
0:00:01.978683;0.14958810806274;1.5807800292969;0.23360300064087;
0:00:01.586361;0.15295791625977;1.1762671470642;0.24219608306885;
0:00:01.771110;0.14998006820679;1.3724229335785;0.23401808738708;
0:00:01.698471;0.1541428565979;1.2924320697784;0.23678994178772;
0:00:01.664018;0.15436196327209;1.2579510211945;0.23679804801941;
0:00:01.633645;0.14514803886414;1.2471630573273;0.22680711746216;
0:00:01.576108;0.14784789085388;1.182070016861;0.23093891143799;
0:00:01.734238;0.15183997154236;1.3265330791473;0.23322701454163;
0:00:01.764054;0.14943194389343;1.3615131378174;0.23828911781311;
0:00:01.681802;0.14738893508911;1.2709829807281;0.24879789352417;
0:00:01.736197;0.15282297134399;1.3334889411926;0.23494696617126;
0:00:01.589698;0.15135598182678;1.194237947464;0.22932314872742;
0:00:01.682649;0.17440700531006;1.2604959011078;0.23245596885681;
0:00:01.611873;0.1507670879364;1.2162117958069;0.2291259765625;
0:00:01.740371;0.15325808525085;1.3358728885651;0.23564004898071;
0:00:01.640270;0.15263485908508;1.2384691238403;0.23367094993591;
0:00:01.979339;0.15008783340454;1.5747621059418;0.23962092399597;
0:00:01.723429;0.1515679359436;1.3024439811707;0.25426697731018;
0:00:01.716744;0.14808392524719;1.3211660385132;0.232017993927;
0:00:01.802480;0.15016508102417;1.4052021503448;0.23219299316406;
0:00:01.688946;0.14885401725769;1.2935841083527;0.23187494277954;
0:00:02.106885;0.1525571346283;1.686420917511;0.25267720222473;
0:00:01.746012;0.15100502967834;1.3409979343414;0.23854207992554;
0:00:01.842611;0.17352700233459;1.427994966507;0.22587895393372;
0:00:01.668093;0.15128207206726;1.2732388973236;0.22785902023315;
0:00:02.190645;0.15351009368896;1.7817888259888;0.24053311347961;
0:00:01.519158;0.14556288719177;1.1284439563751;0.22933506965637;
0:00:01.684932;0.1523060798645;1.2842531204224;0.23302006721497;
0:00:01.604689;0.15035009384155;1.2072360515594;0.23241209983826;
0:00:01.512757;0.16471290588379;1.1069519519806;0.22633504867554;
0:00:01.694153;0.14896583557129;1.2969620227814;0.23319911956787;
0:00:02.318563;0.15305495262146;1.8200769424438;0.3237738609314;
0:00:02.173424;0.14765620231628;1.7792460918427;0.23061013221741;
0:00:02.182581;0.14999294281006;1.7676899433136;0.25017499923706;
0:00:02.176031;0.17647314071655;1.7471179962158;0.23763203620911;
0:00:02.279623;0.14740920066833;1.8859009742737;0.23166990280151;
0:00:02.170086;0.14886403083801;1.7687568664551;0.23746299743652;
0:00:02.188854;0.15243196487427;1.7636919021606;0.25775218009949;
0:00:02.373277;0.32273817062378;1.8021931648254;0.23301911354065;
0:00:02.168661;0.15254902839661;1.756814956665;0.24396896362305;
0:00:02.035123;0.15417098999023;1.6318469047546;0.23449301719666;
0:00:02.026988;0.15150189399719;1.6263198852539;0.23360300064087;
0:00:02.047946;0.15865588188171;1.6445600986481;0.22992992401123;
0:00:02.662357;0.15379881858826;2.2572469711304;0.23690986633301;
0:00:02.114316;0.2156069278717;1.6426451206207;0.23415589332581;
0:00:01.648292;0.14937901496887;1.2509949207306;0.23320984840393;
0:00:01.793750;0.14987087249756;1.3853991031647;0.24283695220947;
0:00:01.579945;0.14791178703308;1.1882750988007;0.22870111465454;
0:00:01.601102;0.14762592315674;1.2034277915955;0.23544788360596;
0:00:01.641731;0.15139412879944;1.2403781414032;0.23536801338196;
0:00:01.620379;0.14762091636658;1.2123560905457;0.2461941242218;
0:00:01.552434;0.15247392654419;1.149836063385;0.2346978187561;
0:00:02.057819;0.15332698822021;1.6197237968445;0.26853919029236;
0:00:01.499614;0.14529180526733;1.1105699539185;0.22877311706543;
0:00:01.679611;0.15200901031494;1.278470993042;0.23431420326233;
0:00:01.599085;0.15213799476624;1.200483083725;0.2317488193512;
0:00:01.689734;0.15206694602966;1.2929451465607;0.23003888130188;
0:00:01.550170;0.14770197868347;1.1548409461975;0.2335798740387;
0:00:01.669358;0.15395498275757;1.2691860198975;0.23187494277954;
0:00:01.590496;0.15021896362305;1.194365978241;0.2318389415741;
0:00:01.670317;0.14771413803101;1.2670049667358;0.24102997779846;
0:00:01.722412;0.14957094192505;1.3292901515961;0.22914910316467;
0:00:01.616924;0.15164303779602;1.2182061672211;0.23218607902527;
0:00:01.617928;0.15284204483032;1.2177209854126;0.23208689689636;
0:00:01.674879;0.15230798721313;1.2753508090973;0.23257493972778;
0:00:01.655549;0.14712905883789;1.2682449817657;0.22583913803101;
0:00:01.671364;0.14910197257996;1.2744619846344;0.23308420181274;
0:00:01.703227;0.15738415718079;1.299635887146;0.23038911819458;
0:00:01.734987;0.15483999252319;1.3071010112762;0.25766682624817;
0:00:01.666975;0.16229915618896;1.2568740844727;0.23356008529663;
0:00:01.725067;0.15280699729919;1.3219430446625;0.2356870174408;
0:00:02.025448;0.14838194847107;1.6186170578003;0.24414086341858;
0:00:01.621215;0.14829802513123;1.2265148162842;0.23201107978821;
0:00:01.690211;0.15089797973633;1.289580821991;0.23525190353394;
0:00:01.721197;0.14789605140686;1.3213160037994;0.23747301101685;
0:00:01.675811;0.15308904647827;1.2685389518738;0.2393000125885;
0:00:01.924048;0.1514790058136;1.5037620067596;0.2534511089325;
0:00:01.699543;0.14711117744446;1.3014698028564;0.2363920211792;
0:00:01.719199;0.14774107933044;1.3021500110626;0.25426506996155;
0:00:01.737750;0.1532518863678;1.3278620243073;0.2417778968811;
0:00:01.778111;0.14758491516113;1.3814969062805;0.23442602157593;
0:00:02.033497;0.14800000190735;1.6380488872528;0.23213696479797;
0:00:01.970234;0.15162897109985;1.5779690742493;0.22650384902954;
0:00:01.631968;0.14909315109253;1.2383639812469;0.23054099082947;
0:00:01.661024;0.14733505249023;1.2696900367737;0.22936105728149;
0:00:01.615114;0.15572309494019;1.2065289020538;0.23807907104492;
0:00:01.552815;0.15132713317871;1.1500971317291;0.23634386062622;
0:00:01.710522;0.14799308776855;1.3091299533844;0.2388129234314;
0:00:01.719878;0.15064883232117;1.3146820068359;0.23975396156311;
0:00:02.282000;0.1482310295105;1.8622620105743;0.2562358379364;
0:00:01.994529;0.15802788734436;1.5891849994659;0.23191690444946;
0:00:01.615720;0.15160298347473;1.2175550460815;0.2320249080658;
0:00:01.608209;0.14724612236023;1.2152149677277;0.23154902458191;
0:00:01.678210;0.15017104148865;1.2713510990143;0.24209189414978;
0:00:01.644841;0.15471410751343;1.2285850048065;0.24661087989807;
0:00:01.745517;0.14553713798523;1.3559429645538;0.22916102409363;
0:00:02.097900;0.14728498458862;1.6873729228973;0.24872016906738;
0:00:02.048498;0.15026998519897;1.6346209049225;0.24882006645203;
0:00:02.732207;0.14783096313477;2.3357710838318;0.23418498039246;
0:00:02.043029;0.14974093437195;1.6471469402313;0.23171401023865;
0:00:02.244822;0.16236090660095;1.822065114975;0.24484705924988;
0:00:02.316099;0.15865302085876;1.9052710533142;0.23799014091492;
0:00:02.191167;0.14721989631653;1.7982029914856;0.23081398010254;
0:00:01.958833;0.15444588661194;1.5442111492157;0.24511504173279;
0:00:01.943576;0.1470730304718;1.5511050224304;0.23030304908752;
0:00:02.078568;0.14758896827698;1.6834499835968;0.23280501365662;
0:00:01.958960;0.15400886535645;1.5602979660034;0.23018503189087;
0:00:02.045986;0.14872312545776;1.6471359729767;0.23490905761719;
0:00:01.989936;0.14688396453857;1.5977749824524;0.23093605041504;
0:00:01.861917;0.14895391464233;1.4697630405426;0.22874307632446;
0:00:01.774349;0.1581871509552;1.3716189861298;0.22985601425171;
0:00:01.813640;0.14942193031311;1.4149308204651;0.23455286026001;
0:00:01.715297;0.15143704414368;1.3001379966736;0.24850392341614;
0:00:01.612863;0.14739799499512;1.2138850688934;0.23638200759888;
0:00:01.599202;0.15018677711487;1.2044348716736;0.23020720481873;
0:00:01.650031;0.18727993965149;1.1982400417328;0.25029110908508;
0:00:02.097389;0.14766097068787;1.7057101726532;0.22919178009033;
0:00:01.900959;0.16339302062988;1.4860110282898;0.23680806159973;
0:00:01.774138;0.15793800354004;1.3598871231079;0.24136209487915;
0:00:01.605340;0.14646792411804;1.2124869823456;0.2317271232605;
0:00:01.578686;0.14773607254028;1.1701560020447;0.24641704559326;
0:00:02.043823;0.15042400360107;1.6470458507538;0.23099613189697;
0:00:01.650542;0.14710903167725;1.25838804245;0.23033094406128;
0:00:01.754066;0.14674496650696;1.3562331199646;0.23684000968933;
0:00:01.611515;0.15275001525879;1.2116601467133;0.23263692855835;
0:00:01.694520;0.14568281173706;1.3044209480286;0.22949409484863;
0:00:01.699394;0.1472430229187;1.2168161869049;0.31516718864441;
0:00:01.887674;0.21633100509644;1.419312953949;0.23190999031067;
0:00:01.719438;0.15379786491394;1.3203520774841;0.23016905784607;
0:00:01.713179;0.14753103256226;1.3121719360352;0.23926711082458;
0:00:01.653971;0.15123987197876;1.2533900737762;0.23382902145386;
0:00:01.612089;0.14857912063599;1.2129969596863;0.235347032547;
0:00:01.730741;0.14746689796448;1.3297839164734;0.23824596405029;
0:00:01.692816;0.15343403816223;1.2933311462402;0.23125100135803;
0:00:01.706878;0.14588809013367;1.3182799816132;0.22811102867126;
0:00:01.968058;0.14842796325684;1.5742690563202;0.23005318641663;
0:00:01.729733;0.15023112297058;1.3145408630371;0.24989295005798;
0:00:01.747556;0.14761304855347;1.3565938472748;0.22818684577942;
0:00:01.528350;0.14789795875549;1.1302280426025;0.23603510856628;
0:00:01.736508;0.15342879295349;1.3329448699951;0.2353458404541;
0:00:01.745296;0.19531917572021;1.3061690330505;0.22864818572998;
0:00:02.098609;0.1466269493103;1.6688730716705;0.26858711242676;
0:00:01.597089;0.15133309364319;1.2022109031677;0.22888612747192;
0:00:01.531016;0.14902186393738;1.1350319385529;0.23047399520874;
0:00:01.599460;0.14882898330688;1.1834361553192;0.24620604515076;
0:00:01.929253;0.14986801147461;1.5295541286469;0.23552703857422;
0:00:01.756003;0.15507102012634;1.3491649627686;0.23615694046021;
0:00:01.762087;0.15487003326416;1.3521909713745;0.23345899581909;
0:00:01.661201;0.15154504776001;1.2593820095062;0.23609685897827;
0:00:01.718281;0.14791917800903;1.3231279850006;0.23264503479004;
0:00:01.666701;0.15144109725952;1.2560210227966;0.24368286132812;
0:00:01.577579;0.15606904029846;1.1735010147095;0.23110699653625;
0:00:01.734406;0.16521191596985;1.3221352100372;0.23232412338257;
0:00:01.696230;0.15489506721497;1.2627561092377;0.26412916183472;
0:00:01.722028;0.15496301651001;1.3232498168945;0.22923111915588;
0:00:01.675881;0.14697980880737;1.2880680561066;0.2262818813324;
0:00:01.945764;0.14832305908203;1.5488710403442;0.23057389259338;
0:00:01.685911;0.15027594566345;1.2858219146729;0.23502016067505;
0:00:01.528433;0.14754009246826;1.1324088573456;0.23048806190491;
0:00:01.822981;0.15702891349792;1.4202752113342;0.230877161026;
0:00:01.921303;0.15285086631775;1.5229139328003;0.23050880432129;
0:00:02.326506;0.15130686759949;1.922593832016;0.23779797554016;
0:00:02.193083;0.14929914474487;1.796660900116;0.23190093040466;
0:00:02.179028;0.17452001571655;1.744421005249;0.24573087692261;
0:00:02.274949;0.14745378494263;1.8771090507507;0.23493790626526;
0:00:02.311125;0.14846205711365;1.9113349914551;0.2360987663269;
0:00:02.120213;0.15157008171082;1.7189698219299;0.2334988117218;
0:00:02.211625;0.14645195007324;1.8083300590515;0.24082183837891;
0:00:02.476693;0.14762616157532;2.0852670669556;0.22979307174683;
0:00:02.174058;0.15124917030334;1.769562959671;0.23737788200378;
0:00:02.070258;0.1510591506958;1.6682291030884;0.23578214645386;
0:00:02.002771;0.14777302742004;1.6027460098267;0.23760604858398;
0:00:02.538089;0.15009713172913;2.1346139907837;0.23828196525574;
0:00:01.983337;0.15678906440735;1.5535109043121;0.25829195976257;
0:00:01.939416;0.14895081520081;1.5394639968872;0.2355329990387;
0:00:01.732046;0.21245408058167;1.27605509758;0.22921204566956;
0:00:01.992892;0.14686393737793;1.5954580307007;0.23592805862427;
0:00:01.624206;0.14927911758423;1.2286958694458;0.23212695121765;
0:00:01.632788;0.15321683883667;1.2299649715424;0.23480200767517;
0:00:01.723155;0.14650988578796;1.3214819431305;0.24036693572998;
0:00:01.650700;0.15252113342285;1.2521259784698;0.23108696937561;
0:00:02.047843;0.15083503723145;1.6494090557098;0.23292708396912;
0:00:01.649408;0.14591598510742;1.2613320350647;0.22815799713135;
0:00:01.630330;0.14623117446899;1.2299540042877;0.23800706863403;
0:00:01.661062;0.1518349647522;1.2657558917999;0.228670835495;
0:00:01.694030;0.15026879310608;1.2939789295197;0.23587393760681;
0:00:01.531018;0.15759801864624;1.1227450370789;0.23540592193604;
0:00:01.649191;0.15219902992249;1.2391088008881;0.24361515045166;
0:00:01.673571;0.14781498908997;1.2787480354309;0.23239493370056;
0:00:01.584038;0.14860701560974;1.179417848587;0.24162101745605;
0:00:01.623413;0.15156006813049;1.2260971069336;0.2311999797821;
0:00:01.921043;0.14784908294678;1.5292160511017;0.22874593734741;
0:00:01.721669;0.14884305000305;1.3194580078125;0.23836207389832;
0:00:01.668096;0.15071082115173;1.2631130218506;0.23285794258118;
0:00:01.616977;0.15451312065125;1.2106440067291;0.23451399803162;
0:00:01.943223;0.15781712532043;1.524539232254;0.24454402923584;
0:00:01.889918;0.15093493461609;1.4941010475159;0.22965598106384;
0:00:01.565827;0.14566397666931;1.1716690063477;0.23370504379272;
0:00:01.673355;0.14728689193726;1.2739779949188;0.23433709144592;
0:00:01.554593;0.15150499343872;1.1516790390015;0.23668622970581;
0:00:01.802152;0.14819812774658;1.3756778240204;0.26391983032227;
0:00:01.940285;0.15043902397156;1.543338060379;0.23230791091919;
0:00:01.686302;0.15308403968811;1.2866311073303;0.23210906982422;
0:00:01.703348;0.14920592308044;1.307471036911;0.23234105110168;
0:00:01.703052;0.14537692070007;1.3124570846558;0.23056888580322;
0:00:01.731165;0.15318703651428;1.3286509513855;0.234530210495;
0:00:01.611719;0.14594411849976;1.224641084671;0.22663402557373;
0:00:01.706288;0.16396498680115;1.2955541610718;0.23213601112366;
0:00:01.686746;0.15304207801819;1.2842049598694;0.23512005805969;
0:00:01.901971;0.14970302581787;1.5074219703674;0.22986507415771;
0:00:01.604053;0.14687705039978;1.2004079818726;0.24170804023743;
0:00:01.596823;0.15164184570312;1.1937680244446;0.23666000366211;
0:00:01.632970;0.14842295646667;1.2400300502777;0.23012781143188;
0:00:01.645824;0.1999568939209;1.1971371173859;0.23419189453125;
0:00:01.628528;0.15564489364624;1.2120258808136;0.24654507637024;
0:00:02.000909;0.14581990242004;1.6077361106873;0.23241996765137;
0:00:01.737131;0.14681196212769;1.3209547996521;0.2540819644928;
0:00:01.693707;0.15855097770691;1.2688748836517;0.25133109092712;
0:00:01.927470;0.1465470790863;1.5182659626007;0.24797201156616;
0:00:01.789889;0.15330505371094;1.3757269382477;0.23941111564636;
0:00:01.711940;0.15741300582886;1.3087940216064;0.23072099685669;
0:00:01.639817;0.14774608612061;1.2325079441071;0.24573493003845;
0:00:01.673512;0.14699697494507;1.2804698944092;0.23079586029053;
0:00:01.604143;0.15085101127625;1.2052149772644;0.23331689834595;
0:00:01.738178;0.14646410942078;1.3309319019318;0.23947906494141;
0:00:02.095075;0.14907002449036;1.700207233429;0.23123908042908;
0:00:01.997717;0.15657591819763;1.5967319011688;0.22841119766235;
0:00:02.180295;0.14932703971863;1.7875418663025;0.22846984863281;
0:00:02.224646;0.14718103408813;1.7468459606171;0.31552290916443;
0:00:02.338623;0.16689395904541;1.9238469600677;0.23274087905884;
0:00:02.086304;0.14709401130676;1.6747379302979;0.24971508979797;
0:00:02.215168;0.14800000190735;1.8199150562286;0.23288488388062;
0:00:02.168715;0.15298891067505;1.7561810016632;0.24476218223572;
0:00:02.300169;0.1485481262207;1.9058699607849;0.23035502433777;
0:00:01.964070;0.14697790145874;1.5741920471191;0.22807502746582;
0:00:02.202663;0.15082907676697;1.8072040081024;0.22994184494019;
0:00:02.050307;0.15055394172668;1.6510910987854;0.23235011100769;
0:00:01.946906;0.14807510375977;1.5546400547028;0.22994589805603;
0:00:01.965814;0.15265893936157;1.5683221817017;0.23016715049744;
0:00:01.968402;0.14788699150085;1.5596971511841;0.24623799324036;
0:00:01.754921;0.14864993095398;1.3396260738373;0.25193786621094;
0:00:01.735666;0.14909386634827;1.3428709506989;0.22918200492859;
0:00:01.955755;0.14723300933838;1.5548031330109;0.2392110824585;
0:00:01.591317;0.14761090278625;1.1928520202637;0.23600506782532;
0:00:01.842479;0.25334787368774;1.3355958461761;0.2391049861908;
0:00:01.700411;0.14698600769043;1.2958250045776;0.24331212043762;
0:00:01.658701;0.14920592308044;1.2505080699921;0.24403095245361;
0:00:02.008186;0.16040015220642;1.6010308265686;0.23190999031067;
0:00:01.647907;0.14715194702148;1.2562370300293;0.23010587692261;
0:00:01.869815;0.15020704269409;1.4619359970093;0.24326205253601;
0:00:01.754883;0.19462203979492;1.3174469470978;0.22802686691284;
0:00:01.735042;0.14652490615845;1.3437368869781;0.23020792007446;
0:00:01.598900;0.14651799201965;1.207319021225;0.2302930355072;
0:00:01.884911;0.14900779724121;1.4900889396667;0.23135709762573;
0:00:01.694095;0.15059614181519;1.2946960926056;0.23429489135742;
0:00:01.591307;0.16407513618469;1.1814439296722;0.23137903213501;
0:00:01.957078;0.15273022651672;1.5603270530701;0.22889399528503;
0:00:01.572034;0.14944005012512;1.1625430583954;0.24539995193481;
0:00:01.625904;0.15516304969788;1.2228980064392;0.23307204246521;
0:00:01.573523;0.15072894096375;1.1789901256561;0.22922492027283;
0:00:01.752961;0.15283107757568;1.3553628921509;0.22949481010437;
0:00:01.732378;0.15071105957031;1.3342258930206;0.23325800895691;
0:00:01.652735;0.15199398994446;1.2551639080048;0.23105502128601;
0:00:01.668289;0.14676690101624;1.2681000232697;0.23902916908264;
0:00:01.585244;0.14799499511719;1.1937189102173;0.22895288467407;
0:00:01.755610;0.14951801300049;1.3617792129517;0.2303409576416;
0:00:01.911976;0.14841914176941;1.5174858570099;0.23169207572937;
0:00:01.658539;0.14882493019104;1.2634398937225;0.23187899589539;
0:00:01.660135;0.1513991355896;1.2587509155273;0.23496294021606;
0:00:01.651752;0.14622902870178;1.2605230808258;0.23018312454224;
0:00:01.578983;0.14749002456665;1.1847989559174;0.23181295394897;
0:00:01.725782;0.15738606452942;1.3071630001068;0.24615097045898;
0:00:01.825776;0.15060710906982;1.4264209270477;0.23370695114136;
0:00:01.642346;0.15306711196899;1.2414379119873;0.23244404792786;
0:00:01.763929;0.15666913986206;1.3580520153046;0.23444986343384;
0:00:01.660290;0.1471700668335;1.2699060440063;0.22865080833435;
0:00:02.052745;0.14690399169922;1.6581270694733;0.23312616348267;
0:00:01.706591;0.15297603607178;1.3069579601288;0.23180294036865;
0:00:01.711074;0.14764404296875;1.3192830085754;0.22932815551758;
0:00:01.668720;0.1597740650177;1.2655539512634;0.22919011116028;
0:00:02.030776;0.1505880355835;1.6352791786194;0.23063087463379;
0:00:01.620642;0.14780187606812;1.2277050018311;0.2305850982666;
0:00:01.689009;0.14814400672913;1.2923419475555;0.2340772151947;
0:00:01.609930;0.14966893196106;1.2071850299835;0.23849892616272;
0:00:01.788764;0.14831399917603;1.3987309932709;0.22741794586182;
0:00:02.026635;0.14849901199341;1.627690076828;0.23580813407898;
0:00:01.633639;0.15331506729126;1.2338049411774;0.23201704025269;
0:00:01.780833;0.14669013023376;1.3919517993927;0.22795295715332;
0:00:01.610718;0.14872002601624;1.1997060775757;0.2473680973053;
0:00:01.560317;0.1491060256958;1.1684031486511;0.2287118434906;
0:00:02.283424;0.25581884384155;1.781919002533;0.23084807395935;
0:00:02.337527;0.1501989364624;1.9278562068939;0.24500489234924;
0:00:02.181815;0.15265703201294;1.7827229499817;0.23220801353455;
0:00:02.259558;0.14763808250427;1.8687319755554;0.22854590415955;
0:00:02.426887;0.1496160030365;2.0303030014038;0.23348307609558;
0:00:02.469445;0.15210700035095;2.0606119632721;0.23564600944519;
0:00:02.059953;0.14755797386169;1.663202047348;0.23507499694824;
0:00:02.108965;0.1531708240509;1.7083191871643;0.23231196403503;
0:00:02.372546;0.24101495742798;1.8693799972534;0.24744606018066;
0:00:01.938022;0.14846897125244;1.5464301109314;0.22828316688538;
0:00:02.014978;0.15914821624756;1.6038699150085;0.23693895339966;
0:00:02.002865;0.15142822265625;1.5992751121521;0.2379629611969;
0:00:02.013713;0.14848804473877;1.6197438240051;0.23079991340637;
0:00:01.969379;0.1518919467926;1.5688600540161;0.23397302627563;
0:00:01.729569;0.15351605415344;1.3243310451508;0.23520112037659;
0:00:01.681528;0.1495680809021;1.2876138687134;0.22950911521912;
0:00:01.726733;0.14903092384338;1.3329510688782;0.23023700714111;
0:00:02.007132;0.14897298812866;1.6090631484985;0.23457407951355;
0:00:01.622308;0.14745306968689;1.2252008914948;0.22771501541138;
0:00:01.651233;0.14985013008118;1.253093957901;0.23412799835205;
0:00:02.008345;0.15307712554932;1.6060240268707;0.23458313941956;
0:00:01.616995;0.14521098136902;1.2275400161743;0.22947311401367;
0:00:02.070416;0.1472179889679;1.6739549636841;0.23462200164795;
0:00:01.625630;0.15230703353882;1.2206909656525;0.23819088935852;
0:00:01.726070;0.14867687225342;1.3276770114899;0.23494696617126;
0:00:01.687435;0.14749217033386;1.2974300384521;0.22805285453796;
0:00:01.755686;0.15254998207092;1.3506648540497;0.23737692832947;
0:00:02.064220;0.15285897254944;1.6659960746765;0.22986888885498;
0:00:01.727537;0.14724707603455;1.3363199234009;0.22948098182678;
0:00:01.692760;0.15069985389709;1.2912859916687;0.23560214042664;
0:00:01.721582;0.14759016036987;1.3112299442291;0.24842500686646;
0:00:01.799549;0.20989394187927;1.3438220024109;0.2311589717865;
0:00:01.563537;0.14986610412598;1.1702871322632;0.22955298423767;
0:00:02.105999;0.14692902565002;1.7169599533081;0.22706508636475;
0:00:01.592795;0.14574384689331;1.2002608776093;0.23213911056519;
0:00:01.604040;0.15248799324036;1.1974980831146;0.23933696746826;
0:00:01.606835;0.15513014793396;1.1914579868317;0.24520111083984;
0:00:01.708056;0.1463770866394;1.2185368537903;0.32340502738953;
0:00:01.802778;0.15412187576294;1.3996250629425;0.23372101783752;
0:00:01.710021;0.14890003204346;1.3192160129547;0.22694897651672;
0:00:01.625798;0.14762401580811;1.2042520046234;0.25910186767578;
0:00:01.890739;0.15714287757874;1.4883959293365;0.23076701164246;
0:00:01.579366;0.14623999595642;1.1894249916077;0.22864317893982;
0:00:01.743343;0.1500928401947;1.3327331542969;0.24596285820007;
0:00:01.682935;0.15101981163025;1.2877180576324;0.22973394393921;
0:00:02.039670;0.14835286140442;1.6314659118652;0.24462103843689;
0:00:01.957617;0.14793992042542;1.5593378543854;0.23532509803772;
0:00:01.844142;0.17054891586304;1.363538980484;0.29528403282166;
0:00:01.663297;0.15066504478455;1.2578828334808;0.23273921012878;
0:00:01.879398;0.14805102348328;1.4856209754944;0.23094797134399;
0:00:01.829563;0.24566793441772;1.3368899822235;0.23223900794983;
0:00:01.631445;0.14751887321472;1.2385790348053;0.22993206977844;
0:00:01.781061;0.15178608894348;1.3793530464172;0.23506188392639;
0:00:01.637838;0.15169501304626;1.2242250442505;0.24678611755371;
0:00:01.651991;0.14822816848755;1.2591779232025;0.22973394393921;
0:00:01.636314;0.15055990219116;1.2328341007233;0.23816895484924;
0:00:01.583440;0.15165495872498;1.1748220920563;0.24233508110046;
0:00:01.730854;0.14730310440063;1.3394491672516;0.22855114936829;
0:00:01.717396;0.1562020778656;1.2834551334381;0.26302194595337;
0:00:01.677254;0.14985203742981;1.2815999984741;0.2313380241394;
0:00:01.747611;0.14565014839172;1.354171037674;0.23301911354065;
0:00:01.629358;0.14861488342285;1.2369759082794;0.22926783561707;
0:00:01.924125;0.15159702301025;1.5248029232025;0.2333619594574;
0:00:01.809885;0.15158700942993;1.4130880832672;0.22697687149048;
0:00:01.711453;0.14787316322327;1.302383184433;0.24718403816223;
0:00:02.545889;0.15089106559753;2.1461029052734;0.23424983024597;
0:00:02.080820;0.1453549861908;1.5976481437683;0.32063007354736;
0:00:02.100460;0.14779305458069;1.7075910568237;0.2300009727478;
0:00:02.608838;0.15832185745239;2.1940438747406;0.24188709259033;
0:00:02.082128;0.14738202095032;1.6900100708008;0.22997188568115;
0:00:02.201432;0.14751005172729;1.7970499992371;0.24170088768005;
0:00:02.148777;0.15091705322266;1.7482421398163;0.23442411422729;
0:00:02.262681;0.14652419090271;1.8697469234467;0.23024296760559;
0:00:01.903144;0.14766597747803;1.507287979126;0.23301100730896;
0:00:02.092260;0.15126895904541;1.6961731910706;0.23031091690063;
0:00:02.037997;0.14511895179749;1.6493489742279;0.22919106483459;
0:00:02.491068;0.15157222747803;2.0937070846558;0.23072695732117;
0:00:02.048469;0.15556788444519;1.6457481384277;0.23205590248108;
0:00:01.951742;0.14794778823853;1.5522940158844;0.23652791976929;
0:00:01.631391;0.15654802322388;1.2263159751892;0.23184084892273;
0:00:01.729076;0.15148591995239;1.3363659381866;0.22683310508728;
0:00:02.056714;0.1459481716156;1.6682360172272;0.22805595397949;
0:00:01.630627;0.14502811431885;1.2439069747925;0.22689294815063;
0:00:01.687350;0.17688703536987;1.2670300006866;0.22891402244568;
0:00:01.700918;0.14659786224365;1.3122341632843;0.22777700424194;
0:00:01.646090;0.1510009765625;1.2488570213318;0.23140501976013;
0:00:01.540948;0.15316796302795;1.1435949802399;0.22948503494263;
0:00:01.565630;0.14727687835693;1.1576189994812;0.24653100967407;
0:00:02.463121;0.15418601036072;2.0539879798889;0.23970007896423;
0:00:01.629904;0.16000008583069;1.2270159721375;0.22855281829834;
0:00:01.674875;0.1500039100647;1.2419190406799;0.26848196983337;
0:00:01.721348;0.14816403388977;1.3082029819489;0.25028610229492;
0:00:01.727377;0.1525719165802;1.32830286026;0.23203682899475;
0:00:01.595129;0.14985108375549;1.197261095047;0.2332170009613;
0:00:01.706055;0.148432970047;1.3100790977478;0.23280692100525;
0:00:02.239217;0.15020799636841;1.8477129936218;0.22690200805664;
0:00:01.521494;0.14996385574341;1.1247670650482;0.2317910194397;
0:00:01.620422;0.14823389053345;1.2256710529327;0.23199009895325;
0:00:01.646190;0.15135312080383;1.2478179931641;0.23272299766541;
0:00:01.718344;0.14931011199951;1.3225240707397;0.2317419052124;
0:00:02.026700;0.16568207740784;1.6086521148682;0.23770809173584;
0:00:01.648204;0.15185308456421;1.2300851345062;0.25242590904236;
0:00:01.606368;0.14544010162354;1.2194490432739;0.22686576843262;
0:00:01.572314;0.1477370262146;1.1785089969635;0.23131895065308;
0:00:01.640258;0.17502784729004;1.2064518928528;0.24387788772583;
0:00:01.713739;0.14886498451233;1.3197410106659;0.23062896728516;
0:00:01.559425;0.1455249786377;1.1706640720367;0.22851085662842;
0:00:01.687171;0.15281009674072;1.2796370983124;0.23985695838928;
0:00:01.664345;0.1491858959198;1.2677371501923;0.23298311233521;
0:00:01.846751;0.14927506446838;1.4496040344238;0.23339796066284;
0:00:01.763112;0.15285086631775;1.2160699367523;0.37989687919617;
0:00:01.732197;0.14817905426025;1.3413801193237;0.22822499275208;
0:00:01.751177;0.15090990066528;1.3530430793762;0.23225879669189;
0:00:01.649053;0.15330696105957;1.2489211559296;0.2320568561554;
0:00:01.551123;0.14647102355957;1.1419808864594;0.24755215644836;
0:00:01.787320;0.14871621131897;1.391932964325;0.23196005821228;
0:00:01.590885;0.15383887290955;1.1658129692078;0.25679302215576;
0:00:01.639709;0.15080213546753;1.2422978878021;0.23237609863281;
0:00:01.743076;0.15954303741455;1.2945199012756;0.27446007728577;
0:00:01.794122;0.15268898010254;1.396870136261;0.22978901863098;
0:00:01.645032;0.14890003204346;1.2444109916687;0.23736691474915;
0:00:01.712603;0.15043115615845;1.3131921291351;0.23439693450928;
0:00:01.684683;0.15027213096619;1.2927770614624;0.22746801376343;
0:00:01.755209;0.14840793609619;1.3547358512878;0.23709297180176;
0:00:01.722912;0.14890193939209;1.3271009922028;0.23220491409302;
0:00:01.650133;0.16347408294678;1.2261049747467;0.24538707733154;
0:00:01.633729;0.14859390258789;1.2359790802002;0.23466300964355;
0:00:01.752073;0.14870285987854;1.3513901233673;0.23067092895508;
0:00:01.692385;0.15051603317261;1.2957558631897;0.23165988922119;
0:00:02.367958;0.1478750705719;1.9784150123596;0.22640299797058;
0:00:02.132699;0.1459059715271;1.7388019561768;0.23312997817993;
0:00:02.005677;0.14915895462036;1.6154119968414;0.2262601852417;
0:00:02.047565;0.15793704986572;1.6425688266754;0.23270010948181;
0:00:02.624555;0.15358781814575;2.2223229408264;0.23407483100891;
0:00:02.082990;0.1513569355011;1.6840898990631;0.23295712471008;
0:00:02.231604;0.15001106262207;1.767737865448;0.29907011985779;
0:00:01.953671;0.14724516868591;1.55779504776;0.23405313491821;
0:00:02.150407;0.15103793144226;1.7428338527679;0.24211716651917;
0:00:01.972908;0.14827179908752;1.5776491165161;0.23275709152222;
0:00:01.985849;0.14894008636475;1.5916841030121;0.23123598098755;
0:00:02.089758;0.15784907341003;1.6740090847015;0.24317002296448;
0:00:02.331209;0.14873385429382;1.9366381168365;0.2304060459137;
0:00:01.942927;0.14795804023743;1.5349659919739;0.24546909332275;
0:00:01.924961;0.18192601203918;1.494304895401;0.23338389396667;
0:00:01.698427;0.15153002738953;1.2947559356689;0.23651790618896;
0:00:02.062083;0.14821910858154;1.6646089553833;0.23453688621521;
0:00:01.715769;0.15077495574951;1.3192660808563;0.23111009597778;
0:00:01.683415;0.1464729309082;1.2929317951202;0.2293381690979;
0:00:01.730038;0.14728021621704;1.3306131362915;0.23767280578613;
0:00:01.554344;0.14968490600586;1.1594071388245;0.2296199798584;
0:00:01.862037;0.14582204818726;1.4561290740967;0.24545097351074;
0:00:01.778863;0.15290999412537;1.3752069473267;0.23641991615295;
0:00:01.686609;0.15192604064941;1.2873289585114;0.23286700248718;
0:00:01.727307;0.14930391311646;1.3342070579529;0.22865104675293;
0:00:01.783553;0.20849895477295;1.3074867725372;0.25295090675354;
0:00:01.992489;0.15122199058533;1.5869138240814;0.23943114280701;
0:00:01.548928;0.14945507049561;1.1178810596466;0.26677107810974;
0:00:01.819062;0.21384477615356;1.3490331172943;0.2362699508667;
0:00:01.653465;0.15864610671997;1.2317500114441;0.2452929019928;
0:00:01.663502;0.14754199981689;1.271476984024;0.23012495040894;
0:00:01.968981;0.14738583564758;1.5596590042114;0.24717497825623;
0:00:01.693550;0.15630698204041;1.2876839637756;0.23521590232849;
0:00:01.753006;0.14689302444458;1.3589549064636;0.23224687576294;
0:00:01.673673;0.14770603179932;1.2796351909637;0.23243093490601;
0:00:01.671518;0.1514720916748;1.2736430168152;0.23177003860474;
0:00:02.207511;0.1555061340332;1.8080399036407;0.22963690757751;
0:00:01.668745;0.14786291122437;1.2721180915833;0.23389601707458;
0:00:01.698988;0.15446901321411;1.2944130897522;0.23498010635376;
0:00:01.654641;0.15002989768982;1.260146856308;0.23010277748108;
0:00:01.665240;0.15393686294556;1.2624092102051;0.2337019443512;
0:00:01.728242;0.15222406387329;1.3289229869843;0.23230791091919;
0:00:01.531513;0.14859294891357;1.1319518089294;0.23557281494141;
0:00:01.875647;0.14920806884766;1.4784119129181;0.23303008079529;
0:00:01.578573;0.15459179878235;1.176521062851;0.23263597488403;
0:00:01.722626;0.1485481262207;1.3292908668518;0.23042798042297;
0:00:01.709838;0.15011382102966;1.3062992095947;0.23863697052002;
0:00:01.707674;0.15305399894714;1.3052000999451;0.23521518707275;
0:00:01.671410;0.14590692520142;1.2802879810333;0.23056793212891;
0:00:01.710525;0.14592695236206;1.312164068222;0.23770904541016;
0:00:01.629468;0.15515685081482;1.2222731113434;0.2376070022583;
0:00:01.656656;0.14970278739929;1.2603559494019;0.23212695121765;
0:00:01.783825;0.14974117279053;1.3839371204376;0.23490786552429;
0:00:02.018022;0.15295600891113;1.606605052948;0.24365997314453;
0:00:01.560496;0.14650416374207;1.1653339862823;0.23316407203674;
0:00:01.594947;0.16401481628418;1.1640691757202;0.25156188011169;
0:00:01.756559;0.15203189849854;1.3602111339569;0.22933101654053;
0:00:01.699287;0.14922499656677;1.3017640113831;0.23047590255737;
0:00:01.543955;0.14876794815063;1.145222902298;0.23568892478943;
0:00:01.631564;0.1519730091095;1.2349388599396;0.22839784622192;
0:00:01.685014;0.14989280700684;1.2899589538574;0.22947192192078;
0:00:01.650725;0.14627885818481;1.2608389854431;0.22872614860535;
0:00:01.819357;0.15298795700073;1.4169750213623;0.23456192016602;
0:00:02.093485;0.15443205833435;1.6824851036072;0.24140596389771;
0:00:01.671080;0.14739298820496;1.270742893219;0.23803901672363;
0:00:02.322082;0.15234303474426;1.914932012558;0.24042510986328;
0:00:02.638072;0.148766040802;2.2442889213562;0.23049306869507;
0:00:02.037963;0.14801907539368;1.6382310390472;0.2367639541626;
0:00:02.287164;0.15112996101379;1.8913838863373;0.22999501228333;
0:00:02.340685;0.17140913009644;1.9215850830078;0.23246002197266;
0:00:02.034460;0.14755916595459;1.6354429721832;0.23702692985535;
0:00:02.168963;0.15455794334412;1.7673699855804;0.23234605789185;
0:00:02.118889;0.15037989616394;1.7067081928253;0.2469801902771;
0:00:02.146079;0.14984798431396;1.7497129440308;0.23169302940369;
0:00:02.020806;0.1498110294342;1.6262259483337;0.22978115081787;
0:00:02.120181;0.14777398109436;1.7094750404358;0.24840617179871;
0:00:02.071672;0.14882802963257;1.6740729808807;0.23433017730713;
0:00:02.138470;0.15119886398315;1.7447228431702;0.22781610488892;
0:00:01.911038;0.14724206924438;1.5177669525146;0.23132395744324;
0:00:01.645941;0.15320014953613;1.2460908889771;0.23153305053711;
0:00:01.695313;0.15071988105774;1.2990000247955;0.23010897636414;
0:00:02.186416;0.14684104919434;1.7920300960541;0.23134422302246;
0:00:01.839642;0.15010905265808;1.4343509674072;0.24057507514954;
0:00:01.888510;0.1563880443573;1.4833221435547;0.23368692398071;
0:00:01.618815;0.15128898620605;1.2196819782257;0.23090887069702;
0:00:01.850110;0.14766597747803;1.4551360607147;0.23290491104126;
0:00:02.023628;0.15298414230347;1.6240441799164;0.23172616958618;
0:00:01.628959;0.17184591293335;1.1994872093201;0.24174809455872;
0:00:01.675754;0.14913606643677;1.2746739387512;0.23769617080688;
0:00:01.820352;0.15487885475159;1.4216499328613;0.22857785224915;
0:00:01.623947;0.14788198471069;1.2237839698792;0.2374951839447;
0:00:01.738202;0.1483199596405;1.3258090019226;0.24922680854797;
0:00:01.556417;0.15181589126587;1.1575779914856;0.23231101036072;
0:00:01.590861;0.14828896522522;1.1882061958313;0.23956799507141;
0:00:01.751489;0.1510169506073;1.3487901687622;0.23710513114929;
0:00:01.771880;0.15122509002686;1.3754060268402;0.23091888427734;
0:00:01.689766;0.14740300178528;1.2728450298309;0.24700999259949;
0:00:01.557490;0.14608883857727;1.1695849895477;0.22734498977661;
0:00:01.689640;0.16307401657104;1.2840979099274;0.22838115692139;
0:00:01.656808;0.14854717254639;1.2435600757599;0.25043797492981;
0:00:01.755915;0.14875793457031;1.3616819381714;0.23062586784363;
0:00:01.715191;0.15603804588318;1.3139290809631;0.23072481155396;
0:00:01.681289;0.15254998207092;1.2735731601715;0.24003601074219;
0:00:01.590528;0.1489851474762;1.1918230056763;0.23487901687622;
0:00:02.066445;0.15126585960388;1.6686999797821;0.2323009967804;
0:00:01.600241;0.1496889591217;1.197683095932;0.23738813400269;
0:00:01.594289;0.14743113517761;1.1821191310883;0.25054121017456;
0:00:01.629897;0.27898001670837;1.0849430561066;0.25127196311951;
0:00:01.747983;0.14957118034363;1.3509938716888;0.23271203041077;
0:00:01.709869;0.14583492279053;1.3167729377747;0.23231792449951;
0:00:01.519075;0.15194296836853;1.1033389568329;0.24883484840393;
0:00:01.597428;0.15157008171082;1.1738789081573;0.25715613365173;
0:00:01.652222;0.15517210960388;1.2476367950439;0.23414206504822;
0:00:01.811993;0.15162706375122;1.4147441387177;0.23083090782166;
0:00:02.109728;0.22535920143127;1.6370160579681;0.23087906837463;
0:00:01.822811;0.14917397499084;1.4283349514008;0.2307710647583;
0:00:01.746859;0.15328407287598;1.3322010040283;0.24704003334045;
0:00:01.646868;0.14581894874573;1.2538261413574;0.23269987106323;
0:00:01.871108;0.14921998977661;1.3630211353302;0.33932113647461;
0:00:02.089282;0.22031283378601;1.6183941364288;0.23123002052307;
0:00:01.627479;0.1491379737854;1.2300541400909;0.23412418365479;
0:00:01.523088;0.1480610370636;1.125431060791;0.23513793945312;
0:00:01.579357;0.15163588523865;1.171942949295;0.24076390266418;
0:00:01.604337;0.148756980896;1.2062051296234;0.23517084121704;
0:00:01.586302;0.14818501472473;1.189285993576;0.23438787460327;
0:00:01.904559;0.15078282356262;1.5098128318787;0.22940802574158;
0:00:01.528520;0.14825081825256;1.135458946228;0.23043203353882;
0:00:01.761165;0.14990186691284;1.3610310554504;0.23478698730469;
0:00:01.707099;0.15476608276367;1.304682970047;0.23183703422546;
0:00:01.732013;0.14791011810303;1.338907957077;0.23031997680664;
0:00:02.303219;0.14873290061951;1.9080209732056;0.23195195198059;
0:00:02.089068;0.15369582176208;1.6777169704437;0.24314403533936;
0:00:02.230511;0.14789295196533;1.8192129135132;0.24865794181824;
0:00:02.088810;0.14707684516907;1.6889710426331;0.23813819885254;
0:00:02.001576;0.14975500106812;1.605388879776;0.23082399368286;
0:00:02.230742;0.14703917503357;1.8416278362274;0.22757911682129;
0:00:02.263211;0.1482789516449;1.8656079769135;0.23474907875061;
0:00:02.381566;0.1514790058136;1.9873259067535;0.22793507575989;
0:00:01.978914;0.1486279964447;1.5862400531769;0.22982406616211;
0:00:01.965587;0.14717817306519;1.561509847641;0.24217820167542;
0:00:02.031367;0.16913199424744;1.6150450706482;0.23200702667236;
0:00:02.127276;0.14870595932007;1.7283201217651;0.23569917678833;
0:00:02.065685;0.14879107475281;1.6622409820557;0.232342004776;
0:00:01.875124;0.15084719657898;1.4786200523376;0.23125100135803;
0:00:02.011197;0.14840793609619;1.6160588264465;0.23212289810181;
0:00:01.820810;0.14867401123047;1.3884999752045;0.26912999153137;
0:00:02.321042;0.14949893951416;1.9261739253998;0.23093104362488;
0:00:01.496465;0.14748406410217;1.0991289615631;0.23486709594727;
0:00:01.631941;0.14762711524963;1.2357320785522;0.23249101638794;
0:00:01.768023;0.15048599243164;1.3710122108459;0.23167181015015;
0:00:01.555077;0.14685821533203;1.1601707935333;0.23339915275574;
0:00:01.935462;0.14586210250854;1.5390491485596;0.23569202423096;
0:00:01.767053;0.15207982063293;1.368264913559;0.23234105110168;
0:00:01.738212;0.14855289459229;1.3381369113922;0.23658084869385;
0:00:01.687335;0.14571499824524;1.2919671535492;0.23463487625122;
0:00:01.879864;0.1515941619873;1.4762539863586;0.23781204223633;
0:00:01.693314;0.15372896194458;1.293919801712;0.22797393798828;
0:00:01.708210;0.14755892753601;1.3126931190491;0.23390984535217;
0:00:01.861720;0.15439200401306;1.4575328826904;0.23560500144958;
0:00:01.545820;0.14674496650696;1.1518909931183;0.23325991630554;
0:00:01.657969;0.14743685722351;1.2606480121613;0.2353949546814;
0:00:02.096893;0.15139198303223;1.7020838260651;0.22749090194702;
0:00:01.669542;0.14585995674133;1.2653160095215;0.24315190315247;
0:00:01.662509;0.15149188041687;1.2620930671692;0.23401403427124;
0:00:01.687974;0.15181493759155;1.2937250137329;0.22822284698486;
0:00:01.970978;0.14876818656921;1.5525839328766;0.25535488128662;
0:00:01.703297;0.14839482307434;1.3085370063782;0.23142719268799;
0:00:01.776397;0.15145206451416;1.3750410079956;0.23487114906311;
0:00:01.835159;0.14761304855347;1.443746805191;0.22891187667847;
0:00:02.087455;0.14858913421631;1.6907780170441;0.233314037323;
0:00:01.734286;0.15095114707947;1.3346450328827;0.23422408103943;
0:00:01.672575;0.14925789833069;1.2733287811279;0.23514008522034;
0:00:01.640998;0.14619016647339;1.2528910636902;0.22751498222351;
0:00:01.610405;0.15166687965393;1.2118430137634;0.23130011558533;
0:00:01.992504;0.14780402183533;1.6008081436157;0.22915315628052;
0:00:01.872590;0.14745712280273;1.4775099754333;0.23262214660645;
0:00:01.821239;0.21872806549072;1.3296129703522;0.25694394111633;
0:00:01.727729;0.14953899383545;1.331423997879;0.23160314559937;
0:00:02.035896;0.14914488792419;1.6388330459595;0.23368000984192;
0:00:01.651093;0.15067195892334;1.2457928657532;0.23271894454956;
0:00:01.676153;0.14732003211975;1.286297082901;0.2276930809021;
0:00:01.676970;0.14808511734009;1.2655460834503;0.24899411201477;
0:00:01.674255;0.14989399909973;1.2806739807129;0.22920894622803;
0:00:01.734160;0.15628004074097;1.3285632133484;0.23416900634766;
0:00:01.588367;0.14956021308899;1.1907000541687;0.2336118221283;
0:00:01.636677;0.16230201721191;1.2244579792023;0.22893905639648;
0:00:01.754237;0.14838099479675;1.3495380878448;0.24163293838501;
0:00:01.786506;0.15173196792603;1.3884019851685;0.23126888275146;
0:00:01.681006;0.15479016304016;1.2571549415588;0.25410413742065;
0:00:01.589747;0.14626693725586;1.1974670886993;0.23128294944763;
0:00:01.656165;0.14614605903625;1.2641570568085;0.23138403892517;
0:00:01.598214;0.15261292457581;1.1943199634552;0.23637318611145;
0:00:01.775703;0.14790105819702;1.3659210205078;0.24671316146851;
0:00:01.561327;0.15062999725342;1.1601419448853;0.23559999465942;
0:00:01.922711;0.15386605262756;1.4988930225372;0.25515508651733;
0:00:01.984406;0.14897799491882;1.5899901390076;0.23147487640381;
0:00:02.361283;0.14676403999329;1.9625430107117;0.23764896392822;
0:00:02.197639;0.15069103240967;1.799870967865;0.23273491859436;
0:00:02.307640;0.14954495429993;1.9053399562836;0.23818111419678;
0:00:02.110615;0.14693593978882;1.6977841854095;0.25130605697632;
0:00:02.615582;0.15317106246948;2.215567111969;0.23192000389099;
0:00:02.076762;0.15141701698303;1.6692590713501;0.24128913879395;
0:00:01.941865;0.16484880447388;1.5309998989105;0.23151898384094;
0:00:02.070150;0.15388679504395;1.6671130657196;0.23459386825562;
0:00:02.054949;0.16108107566833;1.6437230110168;0.23510003089905;
0:00:02.048655;0.14578795433044;1.6450340747833;0.24293184280396;
0:00:02.110496;0.15119385719299;1.6851789951324;0.25934982299805;
0:00:02.008993;0.14977192878723;1.6142270565033;0.23101711273193;
0:00:02.057541;0.14879012107849;1.6622231006622;0.23195791244507;
0:00:01.688502;0.1579749584198;1.2796220779419;0.23654699325562;
0:00:01.723469;0.151526927948;1.3205947875977;0.23634886741638;
0:00:01.803852;0.14789295196533;1.3984751701355;0.24256896972656;
0:00:02.145625;0.15110898017883;1.7490649223328;0.23152899742126;
0:00:01.691296;0.14822483062744;1.2949910163879;0.23248815536499;
0:00:01.705388;0.15524911880493;1.2852549552917;0.24787998199463;
0:00:01.667991;0.15713214874268;1.266902923584;0.22857093811035;
0:00:01.661069;0.1462869644165;1.2720801830292;0.22818207740784;
0:00:02.103436;0.14610695838928;1.7111430168152;0.23139309883118;
0:00:01.666235;0.15299916267395;1.2652249336243;0.23316407203674;
0:00:01.713643;0.14917802810669;1.3222908973694;0.22746300697327;
0:00:01.681828;0.1475350856781;1.2901878356934;0.22930407524109;
0:00:01.686702;0.15442109107971;1.2849669456482;0.23277521133423;
0:00:01.696715;0.15947699546814;1.2797119617462;0.24291801452637;
0:00:01.663888;0.14783811569214;1.2706410884857;0.23105001449585;
0:00:01.744492;0.15964388847351;1.3357219696045;0.23409986495972;
0:00:01.836114;0.14918088912964;1.3403959274292;0.32576894760132;
0:00:01.935696;0.21124911308289;1.4683129787445;0.23728609085083;
0:00:01.695963;0.15345501899719;1.2902958393097;0.23745203018188;
0:00:01.626200;0.1469419002533;1.2310931682587;0.2334840297699;
0:00:01.548216;0.15021514892578;1.1475310325623;0.23428606987;
0:00:01.638711;0.15411591529846;1.2320601940155;0.23760485649109;
0:00:01.723442;0.23511600494385;1.2412178516388;0.23269009590149;
0:00:02.400340;0.21221590042114;1.4086399078369;0.76337385177612;
0:00:01.825239;0.15885901451111;1.3453459739685;0.30580282211304;
0:00:01.579117;0.15009117126465;1.1720468997955;0.24172711372375;
0:00:02.045132;0.14920282363892;1.6345691680908;0.24679398536682;
0:00:01.584025;0.151291847229;1.1687390804291;0.24889421463013;
0:00:01.703468;0.14617896080017;1.3104968070984;0.23100996017456;
0:00:01.750317;0.15128898620605;1.3491599559784;0.23550295829773;
0:00:01.779633;0.15280413627625;1.3774001598358;0.23518085479736;
0:00:01.715310;0.14773488044739;1.3238091468811;0.22944116592407;
0:00:01.867253;0.14916205406189;1.4659888744354;0.23784494400024;
0:00:01.722685;0.15798211097717;1.3000729084015;0.25018191337585;
0:00:01.575697;0.1481339931488;1.1796088218689;0.2333300113678;
0:00:01.699868;0.14765906333923;1.2970781326294;0.23412108421326;
0:00:01.760261;0.15577387809753;1.2701969146729;0.31922793388367;
0:00:01.691502;0.14661717414856;1.2942459583282;0.23413395881653;
0:00:01.639929;0.15057396888733;1.242115020752;0.23293495178223;
0:00:01.808209;0.16723990440369;1.3875420093536;0.23879313468933;
0:00:01.595333;0.14759588241577;1.2058460712433;0.2278139591217;
0:00:01.706438;0.14686298370361;1.3156559467316;0.22933220863342;
0:00:01.659375;0.15364599227905;1.2512090206146;0.24016904830933;
0:00:01.694607;0.15375304222107;1.2971608638763;0.22807216644287;
0:00:01.689391;0.14809918403625;1.2956550121307;0.2303249835968;
0:00:01.707315;0.15280103683472;1.3026490211487;0.23762702941895;
0:00:02.133145;0.14848399162292;1.7347671985626;0.23540496826172;
0:00:02.078627;0.16084408760071;1.6703500747681;0.23266696929932;
0:00:01.606569;0.1514949798584;1.204843044281;0.23625802993774;
0:00:01.605678;0.15021085739136;1.2141630649567;0.22711586952209;
0:00:01.858882;0.16272187232971;1.4542338848114;0.22737216949463;
0:00:02.365140;0.15156388282776;1.9660661220551;0.23321199417114;
0:00:02.538785;0.15344500541687;2.1310720443726;0.23895001411438;
0:00:02.252538;0.1487820148468;1.8564319610596;0.23238110542297;
0:00:02.175238;0.17943000793457;1.7352879047394;0.24652695655823;
0:00:02.131070;0.14791679382324;1.7386829853058;0.22999715805054;
0:00:02.576091;0.1482138633728;2.1536209583282;0.25908207893372;
0:00:02.089015;0.15290498733521;1.6831781864166;0.23815608024597;
0:00:02.096026;0.16189789772034;1.6859200000763;0.23381900787354;
0:00:01.972550;0.14928483963013;1.5577909946442;0.25072288513184;
0:00:02.502389;0.15293216705322;2.1013050079346;0.23289680480957;
0:00:02.025902;0.14845395088196;1.6272749900818;0.23517298698425;
0:00:02.059323;0.14755392074585;1.6666247844696;0.23042893409729;
0:00:02.044714;0.15576601028442;1.6328148841858;0.24158406257629;
0:00:01.910202;0.148766040802;1.5164740085602;0.22979116439819;
0:00:01.565394;0.14779591560364;1.1736857891083;0.22931504249573;
0:00:01.700010;0.14986085891724;1.3072421550751;0.22817993164062;
0:00:02.001541;0.14866709709167;1.606437921524;0.23190307617188;
0:00:01.539852;0.14609408378601;1.1499381065369;0.22954607009888;
0:00:01.674800;0.16737985610962;1.2610878944397;0.23193788528442;
0:00:01.693561;0.14876794815063;1.2958228588104;0.2346088886261;
0:00:01.727716;0.14927506446838;1.307590007782;0.24937415122986;
0:00:01.781514;0.15085792541504;1.3794758319855;0.23664402961731;
0:00:01.715052;0.15435910224915;1.2948060035706;0.25067710876465;
0:00:01.649814;0.14942193031311;1.2349059581757;0.25075793266296;
0:00:01.748236;0.15712904930115;1.3419079780579;0.23371005058289;
0:00:01.692957;0.14710307121277;1.3019649982452;0.22966694831848;
0:00:01.772635;0.15027689933777;1.3587520122528;0.24846816062927;
0:00:01.614244;0.15329122543335;1.2120208740234;0.23432898521423;
0:00:01.790127;0.14833879470825;1.3950810432434;0.23195910453796;
0:00:01.552475;0.14832496643066;1.1543159484863;0.23554611206055;
0:00:01.722818;0.15281105041504;1.3235628604889;0.23201107978821;
0:00:02.018320;0.14724087715149;1.6210751533508;0.23545789718628;
0:00:01.561962;0.14710903167725;1.1674740314484;0.23320698738098;
0:00:01.652845;0.15245199203491;1.2397398948669;0.24444794654846;
0:00:01.735092;0.14678502082825;1.3267271518707;0.24661612510681;
0:00:01.679118;0.14901781082153;1.2752909660339;0.24017882347107;
0:00:01.836863;0.27633309364319;1.290855884552;0.25487279891968;
0:00:01.982909;0.14917898178101;1.5871479511261;0.23177814483643;
0:00:01.643076;0.14804697036743;1.2474598884583;0.2331759929657;
0:00:01.612546;0.15190720558167;1.2140929698944;0.23227190971375;
0:00:01.691967;0.15319919586182;1.2936789989471;0.22991013526917;
0:00:01.628243;0.14844989776611;1.2225801944733;0.24210500717163;
0:00:01.527376;0.14997482299805;1.1268990039825;0.23577904701233;
0:00:01.699902;0.14698600769043;1.2943239212036;0.24247097969055;
0:00:01.672855;0.14851903915405;1.2755768299103;0.23442983627319;
0:00:01.767784;0.15184617042542;1.3715989589691;0.22993993759155;
0:00:01.721440;0.1482150554657;1.3273630142212;0.23145198822021;
0:00:01.759201;0.14698505401611;1.3635010719299;0.23363709449768;
0:00:01.619260;0.15617609024048;1.185366153717;0.26292490959167;
0:00:01.642266;0.14768695831299;1.2451150417328;0.23478984832764;
0:00:01.751718;0.14767217636108;1.3400409221649;0.24971008300781;
0:00:01.717883;0.15458393096924;1.3151500225067;0.23316597938538;
0:00:01.652550;0.15220904350281;1.2493119239807;0.23628997802734;
0:00:01.732550;0.14829206466675;1.3407390117645;0.22915077209473;
0:00:01.802924;0.15321612358093;1.3997740745544;0.23515510559082;
0:00:01.730298;0.14631986618042;1.337259054184;0.23232889175415;
0:00:02.081739;0.15752005577087;1.6706631183624;0.23742604255676;
0:00:01.540346;0.15438199043274;1.1401948928833;0.23124122619629;
0:00:01.965639;0.16997003555298;1.5334799289703;0.2464919090271;
0:00:01.645673;0.14688801765442;1.2546639442444;0.22948908805847;
0:00:01.843515;0.15173506736755;1.4435729980469;0.23351311683655;
0:00:01.633043;0.14864993095398;1.236428976059;0.23301315307617;
0:00:01.574201;0.14926409721375;1.1775078773499;0.23256587982178;
0:00:01.607822;0.15395402908325;1.2008719444275;0.23067998886108;
0:00:02.164361;0.14802885055542;1.7681310176849;0.23276305198669;
0:00:02.564403;0.1491801738739;2.1700398921967;0.23008608818054;
0:00:02.050740;0.15518498420715;1.6495320796967;0.23132300376892;
0:00:02.159211;0.15356993675232;1.7554531097412;0.23497986793518;
0:00:02.105287;0.1482241153717;1.708477973938;0.23418211936951;
0:00:02.598917;0.15303993225098;2.1981780529022;0.23311281204224;
0:00:02.209002;0.14535188674927;1.8197069168091;0.22902202606201;
0:00:02.006672;0.14649295806885;1.6186108589172;0.22703504562378;
0:00:02.064232;0.15450692176819;1.6576960086823;0.23726606369019;
0:00:02.392174;0.15379405021667;1.9828789234161;0.24111318588257;
0:00:01.982773;0.15223383903503;1.5829448699951;0.23359799385071;
0:00:02.019991;0.15382313728333;1.6168777942657;0.23483991622925;
0:00:02.133708;0.15492582321167;1.7218210697174;0.24192094802856;
0:00:02.658277;0.15036797523499;2.2287480831146;0.26400804519653;
0:00:01.789610;0.15400695800781;1.3896610736847;0.23095297813416;
0:00:01.894621;0.14689302444458;1.5023891925812;0.23123788833618;
0:00:01.770379;0.15221285820007;1.3525898456573;0.25077891349792;
0:00:01.587590;0.15744400024414;1.1879301071167;0.22740387916565;
0:00:02.194263;0.14724016189575;1.802561044693;0.22993516921997;
0:00:01.933727;0.23798489570618;1.4477939605713;0.22848296165466;
0:00:01.633260;0.15023994445801;1.2389249801636;0.22934412956238;
0:00:01.589676;0.14688396453857;1.1989500522614;0.22945308685303;
0:00:01.650080;0.14677405357361;1.2565619945526;0.23248910903931;
0:00:01.787722;0.15248894691467;1.3881280422211;0.23208403587341;
0:00:01.569250;0.1467490196228;1.1826930046082;0.22532200813293;
0:00:01.641259;0.1471951007843;1.2476370334625;0.23141884803772;
0:00:01.671168;0.15099000930786;1.2766909599304;0.22866296768188;
0:00:01.712755;0.1491858959198;1.2987790107727;0.25020503997803;
0:00:01.613071;0.14845490455627;1.2171380519867;0.2329409122467;
0:00:01.586102;0.15409898757935;1.1824941635132;0.23428297042847;
0:00:01.785397;0.14912295341492;1.3681120872498;0.25370097160339;
0:00:01.677007;0.14835906028748;1.2801940441132;0.23362708091736;
0:00:01.683469;0.15266704559326;1.2868449687958;0.22975277900696;
0:00:02.029196;0.14842414855957;1.6322019100189;0.233962059021;
0:00:01.745326;0.14988398551941;1.3496508598328;0.23075294494629;
0:00:01.608133;0.15323305130005;1.1837270259857;0.25656414031982;
0:00:01.807146;0.14730906486511;1.4090518951416;0.23622703552246;
0:00:01.632869;0.14647006988525;1.238890171051;0.23174905776978;
0:00:01.943649;0.15181112289429;1.5475070476532;0.22844696044922;
0:00:02.220099;0.15305089950562;1.8080060482025;0.24402403831482;
0:00:01.578541;0.14845299720764;1.1809771060944;0.23240995407104;
0:00:01.722493;0.15717601776123;1.3233349323273;0.22714805603027;
0:00:01.719007;0.14623713493347;1.3294429779053;0.22822880744934;
0:00:01.579884;0.153165102005;1.1573321819305;0.25459289550781;
0:00:01.561946;0.15282607078552;1.160386800766;0.23379302024841;
0:00:01.817624;0.1532130241394;1.4195578098297;0.23027801513672;
0:00:01.590230;0.14881610870361;1.1938209533691;0.23318600654602;
0:00:02.123651;0.15275287628174;1.6995160579681;0.24920606613159;
0:00:01.634620;0.1491711139679;1.2081921100616;0.26206803321838;
0:00:01.683989;0.14977192878723;1.2869191169739;0.23263692855835;
0:00:01.598819;0.16439604759216;1.1865961551666;0.2334041595459;
0:00:01.696018;0.14699101448059;1.2882668972015;0.24643707275391;
0:00:01.753358;0.14796710014343;1.3542439937592;0.23662400245667;
0:00:01.607001;0.15303897857666;1.2062420845032;0.23313689231873;
0:00:01.849586;0.14863204956055;1.4472360610962;0.238853931427;
0:00:01.553005;0.14619517326355;1.156268119812;0.23572683334351;
0:00:01.694686;0.15511012077332;1.2665359973907;0.25112295150757;
0:00:01.727169;0.14703297615051;1.3379240036011;0.22726202011108;
0:00:01.680239;0.14623999595642;1.2896320819855;0.23007702827454;
0:00:01.769558;0.15397715568542;1.3693368434906;0.23168897628784;
0:00:01.668172;0.14925694465637;1.2757878303528;0.22806692123413;
0:00:01.740088;0.14842414855957;1.3458378314972;0.23122000694275;
0:00:01.666194;0.15104293823242;1.2687449455261;0.23185205459595;
0:00:01.686012;0.14897394180298;1.2870438098907;0.23618912696838;
0:00:01.689272;0.14678192138672;1.293445110321;0.23509287834167;
0:00:02.069680;0.15147304534912;1.6478650569916;0.25559020042419;
0:00:02.102762;0.14936494827271;1.7087018489838;0.22925496101379;
0:00:02.219217;0.18034505844116;1.7732019424438;0.25001406669617;
0:00:02.219404;0.15607786178589;1.8017590045929;0.24638295173645;
0:00:02.234081;0.17772603034973;1.8009910583496;0.24050998687744;
0:00:02.573227;0.14919400215149;2.1663589477539;0.24250411987305;
0:00:02.266310;0.15307307243347;1.8642311096191;0.23441004753113;
0:00:01.973491;0.14841485023499;1.5715818405151;0.23826313018799;
0:00:02.115987;0.14825010299683;1.7216699123383;0.23141288757324;
0:00:02.521955;0.15201687812805;2.1204071044922;0.23494005203247;
0:00:02.094936;0.14596796035767;1.6879448890686;0.24632787704468;
0:00:02.024024;0.17571997642517;1.6039428710938;0.23032402992249;
0:00:02.054743;0.15242791175842;1.6368200778961;0.25161099433899;
0:00:02.076591;0.14803314208984;1.6820261478424;0.2325119972229;
0:00:01.698032;0.14940905570984;1.2994079589844;0.23113393783569;
0:00:01.594257;0.15119504928589;1.1967470645905;0.23182797431946;
0:00:01.669558;0.14963293075562;1.2741940021515;0.23135495185852;
0:00:01.669193;0.14868903160095;1.267678976059;0.23805904388428;
0:00:02.112769;0.15342092514038;1.7001760005951;0.24449300765991;
0:00:01.847727;0.14750719070435;1.4567070007324;0.22891497612;
0:00:01.652237;0.14665794372559;1.2528750896454;0.23774886131287;
0:00:01.750334;0.15278816223145;1.3513560295105;0.23158097267151;
0:00:01.623098;0.14892292022705;1.2267980575562;0.23277115821838;
0:00:01.753030;0.14769291877747;1.359393119812;0.23147392272949;
0:00:01.685149;0.15382409095764;1.2868630886078;0.23006701469421;
0:00:01.792341;0.1478009223938;1.3986339569092;0.23136401176453;
0:00:01.756213;0.14586305618286;1.3477618694305;0.24784302711487;
0:00:01.681222;0.1532928943634;1.2771928310394;0.23701596260071;
0:00:01.735912;0.15106415748596;1.3312501907349;0.23907995223999;
0:00:01.628083;0.14845204353333;1.2180180549622;0.24668002128601;
0:00:01.753567;0.15189003944397;1.3548018932343;0.23223495483398;
0:00:01.658107;0.14795804023743;1.2654819488525;0.22983407974243;
0:00:01.912475;0.14625811576843;1.516154050827;0.23504781723022;
0:00:01.669960;0.15505886077881;1.2269179821014;0.27334690093994;
0:00:01.644566;0.15063500404358;1.2452201843262;0.23378610610962;
0:00:02.315805;0.14685416221619;1.9147341251373;0.23984098434448;
0:00:01.595726;0.15909218788147;1.1940009593964;0.22778391838074;
0:00:01.984898;0.14740204811096;1.583878993988;0.2384979724884;
0:00:01.665384;0.14711689949036;1.2704720497131;0.23277306556702;
0:00:01.616860;0.1499330997467;1.21746301651;0.23473811149597;
0:00:01.758188;0.14885997772217;1.3606238365173;0.23431801795959;
0:00:01.677298;0.14814400672913;1.2834792137146;0.23087406158447;
0:00:01.980446;0.15305209159851;1.5814921855927;0.23124599456787;
0:00:01.698290;0.14851212501526;1.2970008850098;0.23820114135742;
0:00:01.570923;0.14727401733398;1.179046869278;0.22988486289978;
0:00:01.732445;0.1555769443512;1.3260028362274;0.23688817024231;
0:00:01.667808;0.14799690246582;1.276645898819;0.22878003120422;
0:00:01.751890;0.17399001121521;1.329167842865;0.23439002037048;
0:00:01.802036;0.15286302566528;1.3065829277039;0.32313013076782;
0:00:01.767680;0.15043187141418;1.3655688762665;0.23514294624329;
0:00:01.696115;0.14819812774658;1.3055851459503;0.22768187522888;
0:00:01.690347;0.15574717521667;1.1983189582825;0.32115411758423;
0:00:01.933574;0.32414793968201;1.3525199890137;0.23758912086487;
0:00:01.652447;0.14884614944458;1.2540521621704;0.23526406288147;
0:00:01.727767;0.17516112327576;1.3087241649628;0.2297990322113;
0:00:02.035919;0.14897179603577;1.6330451965332;0.23844480514526;
0:00:01.582846;0.14737606048584;1.1893827915192;0.2317910194397;
0:00:01.760549;0.15824508666992;1.3522391319275;0.23539280891418;
0:00:01.712125;0.14710211753845;1.3213539123535;0.22858881950378;
0:00:01.951386;0.14818596839905;1.5410118103027;0.24780082702637;
0:00:02.031260;0.15584087371826;1.6313509941101;0.22971701622009;
0:00:01.592176;0.1468710899353;1.1921501159668;0.23823499679565;
0:00:01.751107;0.15291690826416;1.3471441268921;0.23597598075867;
0:00:01.727304;0.15119194984436;1.3114860057831;0.25030088424683;
0:00:01.840632;0.14697003364563;1.4450418949127;0.23469209671021;
0:00:02.442331;0.15361380577087;2.0407288074493;0.23328995704651;
0:00:02.527377;0.15448021888733;2.1231451034546;0.23574900627136;
0:00:02.021491;0.14840507507324;1.6327378749847;0.22583889961243;
0:00:02.177940;0.14761114120483;1.7847249507904;0.23091602325439;
0:00:02.563740;0.1520528793335;2.159548997879;0.23735189437866;
0:00:02.060498;0.14684891700745;1.6659080982208;0.23316502571106;
0:00:02.128629;0.16386699676514;1.7175149917603;0.23282289505005;
0:00:02.003861;0.15324306488037;1.6042439937592;0.23202705383301;
0:00:01.957176;0.14701914787292;1.5636529922485;0.23189902305603;
0:00:01.923620;0.14665102958679;1.5321609973907;0.23010301589966;
0:00:01.944286;0.15055298805237;1.5391099452972;0.23936319351196;
0:00:02.059668;0.14919996261597;1.6626350879669;0.23253011703491;
0:00:01.976395;0.14867806434631;1.5785720348358;0.235023021698;
0:00:02.630981;0.15336513519287;2.2046148777008;0.25755500793457;
0:00:01.689429;0.1659779548645;1.2691349983215;0.23978710174561;
0:00:01.633194;0.14749002456665;1.2397861480713;0.23145604133606;
0:00:01.857807;0.15683197975159;1.4539291858673;0.23154187202454;
0:00:01.712991;0.146733045578;1.3160560131073;0.23586392402649;
0:00:01.734224;0.15028500556946;1.339380979538;0.22976112365723;
0:00:01.700614;0.15264296531677;1.3013300895691;0.23170208930969;
0:00:01.741079;0.14805889129639;1.3445489406586;0.2346179485321;
0:00:01.668344;0.14625787734985;1.2632949352264;0.24434208869934;
0:00:01.657141;0.14934992790222;1.2562308311462;0.23698711395264;
0:00:01.588025;0.14885497093201;1.190064907074;0.23407697677612;
0:00:01.750499;0.14731597900391;1.3495299816132;0.23955798149109;
0:00:01.694679;0.15461087226868;1.2850689888;0.24093389511108;
0:00:01.670794;0.14878511428833;1.2769639492035;0.23031687736511;
0:00:01.598805;0.14811396598816;1.2010569572449;0.23308300971985;
0:00:01.801845;0.15124011039734;1.3975558280945;0.23806881904602;
0:00:01.714217;0.14663696289062;1.3100769519806;0.24258708953857;
0:00:01.734998;0.14802694320679;1.3415269851685;0.23094391822815;
0:00:01.626800;0.15290904045105;1.2265839576721;0.2324070930481;
0:00:01.935962;0.1474449634552;1.5439350605011;0.22954392433167;
0:00:01.923134;0.14599585533142;1.5142920017242;0.24832010269165;
0:00:01.642273;0.15073990821838;1.23952293396;0.23784303665161;
0:00:01.778771;0.15155792236328;1.3793659210205;0.23260903358459;
0:00:01.652128;0.14969897270203;1.251809835434;0.23558497428894;
0:00:01.706196;0.15260410308838;1.303453207016;0.23527598381042;
0:00:01.756667;0.15028405189514;1.3536691665649;0.23606896400452;
0:00:01.564454;0.15785193443298;1.1610600948334;0.23099493980408;
0:00:01.758241;0.1505241394043;1.3478910923004;0.24487400054932;
0:00:01.774709;0.15157699584961;1.3692619800568;0.23815393447876;
0:00:01.677667;0.1501350402832;1.2780039310455;0.23423290252686;
0:00:01.783657;0.15586709976196;1.371649980545;0.24114584922791;
0:00:01.576842;0.16477108001709;1.160434961319;0.23693418502808;
0:00:01.792588;0.14828205108643;1.3918018341064;0.23756980895996;
0:00:01.754187;0.1568078994751;1.3396999835968;0.23491382598877;
0:00:01.591248;0.14827013015747;1.1930348873138;0.23534297943115;
0:00:02.009024;0.15152192115784;1.5925369262695;0.25049304962158;
0:00:01.689915;0.15105605125427;1.2961819171906;0.22828698158264;
0:00:01.826783;0.14776587486267;1.4196949005127;0.2445240020752;
0:00:01.665677;0.14923501014709;1.2664251327515;0.2353310585022;
0:00:01.674757;0.15131592750549;1.2776980400085;0.23141407966614;
0:00:01.870852;0.1514048576355;1.4738390445709;0.23123383522034;
0:00:01.537527;0.14799213409424;1.1371819972992;0.23780989646912;
0:00:01.595727;0.15263795852661;1.1948668956757;0.23340582847595;
0:00:01.735693;0.14787912368774;1.3451571464539;0.22756600379944;
0:00:01.642136;0.1477530002594;1.2385911941528;0.24118614196777;
0:00:01.663837;0.15135288238525;1.2629880905151;0.23459315299988;
0:00:01.725527;0.14825201034546;1.327602148056;0.23585200309753;
0:00:01.784593;0.14646911621094;1.3892159461975;0.2335741519928;
0:00:01.955336;0.15387105941772;1.5553340911865;0.23179078102112;
0:00:01.680242;0.14763402938843;1.2883651256561;0.22963309288025;
0:00:01.707289;0.14760994911194;1.3003091812134;0.24453997612;
0:00:02.266892;0.1528959274292;1.8638479709625;0.23570895195007;
0:00:02.535316;0.14646792411804;2.1457209587097;0.22863006591797;
0:00:02.037170;0.14772701263428;1.6389579772949;0.23474097251892;
0:00:01.950103;0.15132594108582;1.5497648715973;0.23503994941711;
0:00:02.340854;0.14989900588989;1.9434149265289;0.23284602165222;
0:00:02.516746;0.14863920211792;2.1149199008942;0.23865294456482;
0:00:02.280482;0.15228700637817;1.856073141098;0.2576949596405;
0:00:02.044909;0.14937496185303;1.6341691017151;0.24722099304199;
0:00:01.976328;0.14749598503113;1.5864560604095;0.22799301147461;
0:00:01.984127;0.15427303314209;1.5827469825745;0.23245906829834;
0:00:02.133410;0.15348792076111;1.7335619926453;0.23103904724121;
0:00:02.005796;0.14708614349365;1.6137189865112;0.23022389411926;
0:00:01.984651;0.16458296775818;1.5664188861847;0.23825097084045;
0:00:01.994155;0.1524920463562;1.5901889801025;0.23683977127075;
0:00:01.676779;0.14993405342102;1.2680668830872;0.24409580230713;
0:00:01.556421;0.15401601791382;1.1573569774628;0.23079991340637;
0:00:01.838423;0.15166783332825;1.4429647922516;0.22887206077576;
0:00:02.015772;0.14585995674133;1.6202490329742;0.2335250377655;
0:00:02.173286;0.15344190597534;1.7699451446533;0.23549699783325;
0:00:01.879499;0.15032505989075;1.4654018878937;0.24925589561462;
0:00:01.803479;0.15189695358276;1.4011900424957;0.2352499961853;
0:00:01.615068;0.1527259349823;1.2146940231323;0.23292303085327;
0:00:01.721236;0.14810800552368;1.3286271095276;0.23020195960999;
0:00:01.733558;0.14951992034912;1.325767993927;0.24329519271851;
0:00:01.890021;0.16182899475098;1.3549799919128;0.35794711112976;
0:00:01.945839;0.14819192886353;1.5530848503113;0.23014092445374;
0:00:01.661959;0.14854907989502;1.2603878974915;0.23868298530579;
0:00:02.033815;0.15318608283997;1.630674123764;0.2353720664978;
0:00:01.644940;0.148756980896;1.2515978813171;0.22941613197327;
0:00:01.738053;0.16504693031311;1.3277649879456;0.23023796081543;
0:00:02.057405;0.15105605125427;1.6443581581116;0.24753284454346;
0:00:01.692007;0.14759492874146;1.2894058227539;0.24049305915833;
0:00:01.648863;0.15185904502869;1.2203688621521;0.26252889633179;
0:00:01.797936;0.21924304962158;1.3225650787354;0.23740100860596;
0:00:01.989516;0.14865398406982;1.588593006134;0.23779106140137;
0:00:02.144084;0.15589880943298;1.7336058616638;0.2389349937439;
0:00:01.852109;0.16036701202393;1.4427189826965;0.23440599441528;
0:00:01.656156;0.14761400222778;1.2645599842072;0.22955918312073;
0:00:01.951932;0.14948892593384;1.5418419837952;0.24518489837646;
0:00:01.602527;0.15400886535645;1.2035579681396;0.23040294647217;
0:00:01.678043;0.14922904968262;1.2832841873169;0.23100399971008;
0:00:01.725888;0.14603805541992;1.3333189487457;0.23193883895874;
0:00:01.637617;0.1528160572052;1.2362408638;0.2334361076355;
0:00:01.962443;0.14959597587585;1.5590159893036;0.23932909965515;
0:00:01.744660;0.14669108390808;1.3550930023193;0.22825503349304;
0:00:01.702927;0.15453290939331;1.2847721576691;0.24887490272522;
0:00:01.642694;0.1479070186615;1.2538380622864;0.22660899162292;
0:00:01.858472;0.14833211898804;1.4570510387421;0.23803997039795;
0:00:01.699823;0.15282797813416;1.2938599586487;0.23839998245239;
0:00:01.610912;0.15476298332214;1.2118690013885;0.22976899147034;
0:00:01.755100;0.1516900062561;1.3566641807556;0.2321469783783;
0:00:01.996839;0.15409398078918;1.595575094223;0.23252987861633;
0:00:01.708573;0.14690399169922;1.2966730594635;0.25055313110352;
0:00:01.664179;0.14831805229187;1.2685508728027;0.2324390411377;
0:00:01.761946;0.15213012695312;1.3657240867615;0.22899198532104;
0:00:01.743377;0.14866018295288;1.3465321063995;0.23323392868042;
0:00:01.628900;0.15107798576355;1.2304689884186;0.23283386230469;
0:00:01.741945;0.15321803092957;1.3376388549805;0.23677802085876;
0:00:01.620514;0.14691591262817;1.2285480499268;0.2296187877655;
0:00:01.694664;0.14920115470886;1.2992351055145;0.23162984848022;
0:00:02.062581;0.14940190315247;1.6664319038391;0.2319598197937;
0:00:01.700965;0.14994883537292;1.2874140739441;0.24944996833801;
0:00:01.564492;0.15057706832886;1.1646900177002;0.23499178886414;
0:00:01.610067;0.15099096298218;1.1901590824127;0.23548698425293;
0:00:01.698395;0.15164089202881;1.2939479351044;0.23691511154175;
0:00:02.013652;0.14991784095764;1.608439207077;0.24051690101624;
0:00:02.101850;0.16149711608887;1.681095123291;0.24412393569946;
0:00:02.265843;0.14753007888794;1.867182970047;0.23607802391052;
