0:00:01.670854;0.14763307571411;1.2743349075317;0.23453092575073;
0:00:01.690480;0.15399312973022;1.2874410152435;0.23440313339233;
0:00:01.701779;0.15158700942993;1.3046851158142;0.23001098632812;
0:00:01.621272;0.15144515037537;1.2258720397949;0.22901892662048;
0:00:01.808797;0.18989896774292;1.3399810791016;0.26377892494202;
0:00:01.697902;0.15829706192017;1.2790088653564;0.24608397483826;
0:00:01.776346;0.15270709991455;1.3722190856934;0.23694705963135;
0:00:01.782328;0.15179514884949;1.3686180114746;0.24698805809021;
0:00:01.717540;0.14880180358887;1.3232851028442;0.23027491569519;
0:00:01.675163;0.14530920982361;1.2843000888824;0.23058795928955;
0:00:01.556433;0.15345907211304;1.1576020717621;0.23047709465027;
0:00:01.741639;0.14926099777222;1.3361990451813;0.24156808853149;
0:00:01.697983;0.14845609664917;1.3038120269775;0.23146796226501;
0:00:01.729166;0.15132904052734;1.3332469463348;0.22996282577515;
0:00:02.137595;0.14753985404968;1.7341239452362;0.24009299278259;
0:00:02.005068;0.14722084999084;1.6085529327393;0.23443102836609;
0:00:01.962343;0.15288400650024;1.5657148361206;0.22934889793396;
0:00:02.095426;0.1466178894043;1.6986448764801;0.23474097251892;
0:00:02.116997;0.14819002151489;1.7235450744629;0.2308349609375;
0:00:02.364627;0.16952896118164;1.9478499889374;0.232097864151;
0:00:02.567186;0.16173791885376;2.1219370365143;0.26858401298523;
0:00:02.223624;0.14744400978088;1.8145818710327;0.24642610549927;
0:00:02.230606;0.15061497688293;1.8338449001312;0.23128199577332;
0:00:02.141504;0.14860582351685;1.7438590526581;0.23435401916504;
0:00:02.475558;0.14903402328491;2.0735359191895;0.23877596855164;
0:00:02.103841;0.1553840637207;1.7005488872528;0.23335909843445;
0:00:02.102248;0.14764714241028;1.7077369689941;0.23199391365051;
0:00:02.365370;0.14984083175659;1.9692161083221;0.23047995567322;
0:00:02.141122;0.16083002090454;1.7330551147461;0.23148083686829;
0:00:01.771442;0.14782214164734;1.3785719871521;0.23029112815857;
0:00:01.583941;0.14600801467896;1.1868069171906;0.23616194725037;
0:00:01.810699;0.17035102844238;1.3551800251007;0.26974892616272;
0:00:01.675595;0.14794611930847;1.2814378738403;0.23115301132202;
0:00:01.755349;0.1479070186615;1.3573229312897;0.23495507240295;
0:00:01.784058;0.15600490570068;1.3802740573883;0.23328399658203;
0:00:01.591772;0.14817380905151;1.1998398303986;0.22864699363708;
0:00:01.637667;0.14818906784058;1.2419419288635;0.23277497291565;
0:00:01.575441;0.15271997451782;1.1777210235596;0.23036813735962;
0:00:01.710442;0.15027618408203;1.3079631328583;0.23725295066833;
0:00:01.583168;0.14818096160889;1.1802320480347;0.24012088775635;
0:00:01.703339;0.15597987174988;1.293848991394;0.23843312263489;
0:00:01.715796;0.14802980422974;1.2295141220093;0.319415807724;
0:00:01.740816;0.14872598648071;1.3414459228516;0.23569893836975;
0:00:01.627452;0.15501499176025;1.2273449897766;0.23031210899353;
0:00:01.671026;0.14827418327332;1.279443025589;0.22826910018921;
0:00:01.718838;0.14905595779419;1.3231189250946;0.23203706741333;
0:00:01.739403;0.16722679138184;1.3096468448639;0.24748277664185;
0:00:01.942115;0.14901399612427;1.5405061244965;0.23747301101685;
0:00:01.753542;0.14882898330688;1.3448259830475;0.24457192420959;
0:00:01.616872;0.15501999855042;1.215126991272;0.23173403739929;
0:00:01.686682;0.14724898338318;1.2981390953064;0.22602391242981;
0:00:01.703415;0.14665293693542;1.2938749790192;0.24822616577148;
0:00:02.072004;0.14993405342102;1.6730780601501;0.23418807983398;
0:00:01.605474;0.14781594276428;1.1995179653168;0.24318790435791;
0:00:01.668456;0.14887094497681;1.271420955658;0.2331850528717;
0:00:01.760072;0.16820597648621;1.3284659385681;0.24860191345215;
0:00:01.977193;0.14804100990295;1.5802040100098;0.23435997962952;
0:00:01.676591;0.14794898033142;1.2821781635284;0.23122906684875;
0:00:01.639206;0.15268301963806;1.2385799884796;0.23350620269775;
0:00:02.004081;0.1475841999054;1.6103141307831;0.23160195350647;
0:00:01.609925;0.14790511131287;1.2105560302734;0.23672199249268;
0:00:01.546355;0.15238499641418;1.1445670127869;0.23454189300537;
0:00:01.985191;0.14659404754639;1.5905659198761;0.23252987861633;
0:00:01.548044;0.14615702629089;1.1591148376465;0.22785902023315;
0:00:01.672016;0.15046906471252;1.2732799053192;0.23322916030884;
0:00:01.580419;0.14666199684143;1.1906430721283;0.22832298278809;
0:00:01.669940;0.14928293228149;1.2717180252075;0.23459887504578;
0:00:01.747652;0.15273094177246;1.3519549369812;0.22873687744141;
0:00:01.705903;0.14822006225586;1.3088610172272;0.23409700393677;
0:00:01.823426;0.14733004570007;1.4301109313965;0.23048305511475;
0:00:01.710751;0.15292811393738;1.3036940097809;0.23970699310303;
0:00:01.640364;0.1482470035553;1.2475831508636;0.22973990440369;
0:00:01.715623;0.14641618728638;1.3196589946747;0.23478102684021;
0:00:02.019300;0.15217304229736;1.6099369525909;0.24246501922607;
0:00:01.672457;0.1485321521759;1.2808032035828;0.22873306274414;
0:00:01.593527;0.14789295196533;1.1911418437958;0.23924398422241;
0:00:01.721740;0.15851593017578;1.3144760131836;0.23367404937744;
0:00:01.710921;0.14808011054993;1.3165090084076;0.23132014274597;
0:00:02.162098;0.1482138633728;1.7607848644257;0.2381579875946;
0:00:01.903067;0.15978312492371;1.4961640834808;0.23220491409302;
0:00:02.297472;0.14651298522949;1.9080991744995;0.22438311576843;
0:00:02.144052;0.14705491065979;1.7499849796295;0.2320020198822;
0:00:02.310267;0.15041399002075;1.9157490730286;0.22945809364319;
0:00:02.179899;0.14602518081665;1.7901680469513;0.22918605804443;
0:00:02.178058;0.14894986152649;1.7839908599854;0.2304699420929;
0:00:02.269046;0.15378093719482;1.8646638393402;0.23518800735474;
0:00:02.076889;0.1491219997406;1.6784889698029;0.23405504226685;
0:00:01.999739;0.146968126297;1.604229927063;0.23385906219482;
0:00:02.289574;0.1507568359375;1.896488904953;0.22757697105408;
0:00:01.990224;0.14778804779053;1.5954658985138;0.23227095603943;
0:00:02.063344;0.14810395240784;1.656968832016;0.24361300468445;
0:00:02.093975;0.15361285209656;1.6856868267059;0.23965406417847;
0:00:01.988154;0.1520209312439;1.5958068370819;0.2253589630127;
0:00:01.980839;0.14802098274231;1.5724711418152;0.24527502059937;
0:00:01.601687;0.15613889694214;1.1933858394623;0.23537397384644;
0:00:01.684775;0.14766407012939;1.2733368873596;0.2498791217804;
0:00:01.888888;0.1625599861145;1.4790689945221;0.23263382911682;
0:00:01.670422;0.15360689163208;1.2694339752197;0.2327082157135;
0:00:01.784717;0.14860415458679;1.3883910179138;0.23162293434143;
0:00:01.689160;0.14640712738037;1.2977998256683;0.23019003868103;
0:00:01.721946;0.15433502197266;1.3153710365295;0.23785519599915;
0:00:01.554075;0.14796710014343;1.1549029350281;0.23646116256714;
0:00:01.802805;0.15132117271423;1.4040369987488;0.23260807991028;
0:00:01.764025;0.15627503395081;1.3626379966736;0.23086500167847;
0:00:01.654724;0.14517998695374;1.2651379108429;0.22977304458618;
0:00:01.720876;0.14876794815063;1.3245489597321;0.23214793205261;
0:00:01.806812;0.24401688575745;1.2939229011536;0.25360703468323;
0:00:01.716767;0.16850996017456;1.2934229373932;0.23952722549438;
0:00:01.686290;0.15015506744385;1.289587020874;0.23234295845032;
0:00:01.706721;0.15299296379089;1.3101029396057;0.22871398925781;
0:00:01.765047;0.14846110343933;1.3713040351868;0.23084306716919;
0:00:02.023963;0.14864993095398;1.6319999694824;0.22817993164062;
0:00:01.683199;0.15085601806641;1.2690989971161;0.2480640411377;
0:00:01.675925;0.14673590660095;1.2831349372864;0.2319610118866;
0:00:01.778063;0.15216994285583;1.3766489028931;0.23384594917297;
0:00:01.597874;0.15382099151611;1.1970391273499;0.2325611114502;
0:00:01.703105;0.14967608451843;1.2940769195557;0.24440407752991;
0:00:01.718216;0.14724111557007;1.3273231983185;0.22873401641846;
0:00:01.596139;0.15256285667419;1.1922950744629;0.23659110069275;
0:00:01.602064;0.15548491477966;1.1978089809418;0.23366498947144;
0:00:02.071498;0.14955186843872;1.6792562007904;0.22819089889526;
0:00:01.664137;0.15738105773926;1.2368478775024;0.25508904457092;
0:00:01.806959;0.147794008255;1.4112598896027;0.23254990577698;
0:00:01.743308;0.15655398368835;1.3157660961151;0.25538992881775;
0:00:01.978284;0.15891695022583;1.5631430149078;0.24138593673706;
0:00:01.838570;0.14846277236938;1.4003839492798;0.27394795417786;
0:00:01.589957;0.14623594284058;1.1977958679199;0.23129200935364;
0:00:01.626837;0.1514298915863;1.2273030281067;0.23326802253723;
0:00:01.745780;0.14914894104004;1.3477230072021;0.23392391204834;
0:00:01.703157;0.1462070941925;1.3141059875488;0.22807788848877;
0:00:01.630117;0.15502715110779;1.2005970478058;0.25996518135071;
0:00:01.722451;0.14859509468079;1.3236770629883;0.23510313034058;
0:00:01.742519;0.1489109992981;1.3410940170288;0.23783421516418;
0:00:01.715384;0.1526300907135;1.3180599212646;0.23061013221741;
0:00:01.729240;0.14728593826294;1.3298900127411;0.23708009719849;
0:00:01.570266;0.14862394332886;1.1745190620422;0.23227000236511;
0:00:01.975317;0.15182518959045;1.5755269527435;0.23344707489014;
0:00:02.017750;0.14937210083008;1.6236910820007;0.23014903068542;
0:00:01.733183;0.14773988723755;1.3308589458466;0.23981690406799;
0:00:01.698460;0.15358901023865;1.2940590381622;0.23627805709839;
0:00:01.634984;0.15743708610535;1.2187879085541;0.24380683898926;
0:00:01.635436;0.14877009391785;1.236291885376;0.23528409004211;
0:00:02.010781;0.15899085998535;1.6069560050964;0.22969102859497;
0:00:01.978223;0.15109300613403;1.5733499526978;0.23843312263489;
0:00:02.335310;0.14807391166687;1.9411251544952;0.23101997375488;
0:00:02.327742;0.15325093269348;1.9216899871826;0.23850297927856;
0:00:02.306834;0.15138506889343;1.8840129375458;0.25480484962463;
0:00:02.361948;0.16350698471069;1.732344865799;0.45050191879272;
0:00:02.647612;0.15396809577942;2.2356181144714;0.24207901954651;
0:00:02.214462;0.14907884597778;1.800008058548;0.25065994262695;
0:00:02.450211;0.16202807426453;2.0414478778839;0.23049211502075;
0:00:02.129329;0.15823006629944;1.7098779678345;0.24468803405762;
0:00:02.025871;0.14607691764832;1.6218919754028;0.24207401275635;
0:00:02.035319;0.14872694015503;1.6423850059509;0.22940397262573;
0:00:02.064730;0.14930295944214;1.6641850471497;0.2363760471344;
0:00:02.354246;0.14884877204895;1.9524629116058;0.23807382583618;
0:00:02.082091;0.14889192581177;1.6845200061798;0.23402214050293;
0:00:01.926838;0.15465998649597;1.5113859176636;0.24623703956604;
0:00:01.747362;0.14873385429382;1.3428688049316;0.24066686630249;
0:00:01.693537;0.14791488647461;1.2967119216919;0.23396611213684;
0:00:01.702129;0.15565800666809;1.2907350063324;0.24117279052734;
0:00:01.761971;0.15017104148865;1.362692117691;0.23449397087097;
0:00:01.603978;0.15746688842773;1.1998558044434;0.23194098472595;
0:00:01.761359;0.15800189971924;1.3554539680481;0.23318386077881;
0:00:01.870377;0.14843010902405;1.3195250034332;0.38691210746765;
0:00:01.756459;0.14903712272644;1.3481719493866;0.24381923675537;
0:00:02.005489;0.15280318260193;1.6039209365845;0.23413395881653;
0:00:01.693421;0.14782404899597;1.2961399555206;0.23361396789551;
0:00:01.987587;0.14896988868713;1.5894830226898;0.23445200920105;
0:00:01.694046;0.17057490348816;1.261020898819;0.24799799919128;
0:00:01.715192;0.14659810066223;1.3230469226837;0.231281042099;
0:00:02.085524;0.14759206771851;1.6791110038757;0.24428796768188;
0:00:01.624870;0.15439391136169;1.216784954071;0.23882913589478;
0:00:01.777136;0.14824414253235;1.3767049312592;0.23749399185181;
0:00:01.707262;0.2333128452301;1.2142009735107;0.24319696426392;
0:00:01.788720;0.15223503112793;1.3805968761444;0.24119591712952;
0:00:01.953729;0.15804696083069;1.53817486763;0.24250602722168;
0:00:01.757393;0.15482902526855;1.355192899704;0.2319700717926;
0:00:01.901676;0.15250205993652;1.5032579898834;0.23151707649231;
0:00:01.663873;0.14740014076233;1.2737131118774;0.22820687294006;
0:00:01.735074;0.1497688293457;1.3344919681549;0.2352020740509;
0:00:01.550342;0.15204906463623;1.1535611152649;0.22956991195679;
0:00:01.676992;0.14795517921448;1.2858200073242;0.22808003425598;
0:00:01.829676;0.14827609062195;1.4259610176086;0.24063801765442;
0:00:01.628490;0.15401601791382;1.2115280628204;0.24722909927368;
0:00:01.694627;0.14816212654114;1.2959249019623;0.23603582382202;
0:00:01.887152;0.15282893180847;1.4692618846893;0.25021386146545;
0:00:01.733706;0.15463399887085;1.3298108577728;0.23450183868408;
0:00:01.613532;0.14719104766846;1.2243700027466;0.22670102119446;
0:00:02.029777;0.1476149559021;1.6208279132843;0.24658179283142;
0:00:01.680597;0.15312385559082;1.277764081955;0.23522901535034;
0:00:01.734931;0.14794516563416;1.3367009162903;0.23530197143555;
0:00:01.760385;0.14825296401978;1.3656949996948;0.23162698745728;
0:00:01.920283;0.15163087844849;1.5236868858337;0.23045086860657;
0:00:01.882041;0.14694595336914;1.4948179721832;0.22568202018738;
0:00:01.720455;0.15080499649048;1.3154580593109;0.23907399177551;
0:00:01.761584;0.15304493904114;1.3587169647217;0.23502492904663;
0:00:01.678420;0.14727592468262;1.2726671695709;0.24341702461243;
0:00:01.739665;0.14920020103455;1.3449850082397;0.23091912269592;
0:00:01.803224;0.15537309646606;1.401496887207;0.2316210269928;
0:00:01.583415;0.14807987213135;1.1943070888519;0.22621703147888;
0:00:01.913000;0.15266704559326;1.5133740901947;0.23156595230103;
0:00:01.709044;0.15561604499817;1.3018701076508;0.23702597618103;
0:00:01.678004;0.14628505706787;1.2808969020844;0.23555612564087;
0:00:01.625325;0.14975690841675;1.2265269756317;0.2337110042572;
0:00:01.717165;0.1514310836792;1.3211669921875;0.23008489608765;
0:00:01.736373;0.15022110939026;1.3399519920349;0.23148989677429;
0:00:02.153262;0.14680099487305;1.7622539997101;0.22940802574158;
0:00:02.044461;0.15542101860046;1.6422729492188;0.23214602470398;
0:00:02.110666;0.15046977996826;1.7087340354919;0.23483896255493;
0:00:02.308844;0.14866781234741;1.9079070091248;0.23782205581665;
0:00:02.316382;0.15340805053711;1.9157569408417;0.23225092887878;
0:00:02.291908;0.14904093742371;1.887396812439;0.24102878570557;
0:00:02.360402;0.15721893310547;1.9479730129242;0.24017906188965;
0:00:02.126954;0.15472388267517;1.7218730449677;0.23551392555237;
0:00:02.263995;0.14974403381348;1.8683159351349;0.23058700561523;
0:00:02.156572;0.14821410179138;1.7436940670013;0.24883103370667;
0:00:02.390957;0.15132093429565;1.9965620040894;0.22867703437805;
0:00:02.464414;0.14720010757446;2.0711688995361;0.23127198219299;
0:00:02.097345;0.15825986862183;1.6907789707184;0.23180794715881;
0:00:02.155168;0.15407681465149;1.7307879924774;0.25552701950073;
0:00:01.920325;0.15098094940186;1.5146150588989;0.24004483222961;
0:00:01.748463;0.15108799934387;1.3509030342102;0.2320511341095;
0:00:01.736690;0.15004897117615;1.3417830467224;0.2301881313324;
0:00:01.740184;0.14798808097839;1.3440721035004;0.23317909240723;
0:00:01.676110;0.1482880115509;1.2808449268341;0.23218989372253;
0:00:01.739991;0.15024495124817;1.3422358036041;0.23212385177612;
0:00:01.655202;0.14829516410828;1.2608380317688;0.23147487640381;
0:00:01.718892;0.15451884269714;1.3118169307709;0.23571085929871;
0:00:01.637217;0.15179204940796;1.2391290664673;0.23126602172852;
0:00:01.741923;0.15708303451538;1.335333108902;0.23457312583923;
0:00:01.751352;0.14753007888794;1.255224943161;0.33299803733826;
0:00:01.843760;0.22273516654968;1.367595911026;0.23371291160583;
0:00:01.750381;0.14934992790222;1.3532691001892;0.23231792449951;
0:00:01.651022;0.14953994750977;1.2543740272522;0.23204898834229;
0:00:02.033521;0.15310788154602;1.6310660839081;0.23477792739868;
0:00:01.860799;0.16388201713562;1.4504990577698;0.22904300689697;
0:00:01.709007;0.14834189414978;1.2839570045471;0.26090598106384;
0:00:01.858712;0.14970588684082;1.4618802070618;0.23238015174866;
0:00:01.690623;0.14864206314087;1.2942209243774;0.23311614990234;
0:00:01.693091;0.14954090118408;1.2927958965302;0.23610401153564;
0:00:01.794420;0.15108203887939;1.3397929668427;0.28819799423218;
0:00:01.600555;0.14764285087585;1.2089431285858;0.22961592674255;
0:00:01.685013;0.15126705169678;1.2921290397644;0.22732090950012;
0:00:01.767269;0.14983296394348;1.3748581409454;0.22788596153259;
0:00:01.717476;0.15951108932495;1.2924761772156;0.2504870891571;
0:00:01.936018;0.14936590194702;1.5231959819794;0.24781107902527;
0:00:01.688829;0.15505003929138;1.290060043335;0.22886300086975;
0:00:01.708304;0.14692687988281;1.3158168792725;0.23122596740723;
0:00:01.689763;0.14819097518921;1.2921290397644;0.23484492301941;
0:00:02.077093;0.16360402107239;1.6642220020294;0.23491382598877;
0:00:01.914987;0.14697217941284;1.5143830776215;0.23877215385437;
0:00:01.813518;0.14814686775208;1.4097490310669;0.23988914489746;
0:00:01.753329;0.15168380737305;1.3510990142822;0.23588299751282;
0:00:01.695536;0.14925193786621;1.2933831214905;0.23747205734253;
0:00:01.868301;0.18201494216919;1.442794084549;0.22846388816833;
0:00:01.638059;0.15057992935181;1.2258560657501;0.24720597267151;
0:00:01.695863;0.14748191833496;1.2980937957764;0.23505592346191;
0:00:01.723480;0.15489602088928;1.3192460536957;0.23521089553833;
0:00:01.704817;0.1526141166687;1.2999548912048;0.23772501945496;
0:00:01.680009;0.14678287506104;1.2894928455353;0.22875595092773;
0:00:01.700055;0.14740800857544;1.3033671379089;0.23390507698059;
0:00:01.728502;0.16595697402954;1.2983441352844;0.2495539188385;
0:00:01.726679;0.1485321521759;1.3339619636536;0.22942495346069;
0:00:02.114167;0.14931702613831;1.7144048213959;0.23519802093506;
0:00:01.751751;0.15333700180054;1.353718996048;0.22993016242981;
0:00:01.905200;0.14958715438843;1.5090100765228;0.23218607902527;
0:00:01.869198;0.15646386146545;1.4578499794006;0.23906302452087;
0:00:01.728427;0.15801906585693;1.321487903595;0.23352289199829;
0:00:01.874617;0.147127866745;1.4792170524597;0.23394799232483;
0:00:01.775590;0.1502161026001;1.3748910427094;0.23575901985168;
0:00:01.751661;0.15169405937195;1.355495929718;0.22997188568115;
0:00:02.580638;0.1472442150116;2.1882560253143;0.23052000999451;
0:00:02.222241;0.14677000045776;1.8264589309692;0.23454809188843;
0:00:02.313817;0.15040683746338;1.9159569740295;0.23297500610352;
0:00:02.126023;0.15286898612976;1.7181870937347;0.23986577987671;
0:00:02.294920;0.16270399093628;1.8682370185852;0.24949502944946;
0:00:02.163207;0.15334415435791;1.7436718940735;0.25104689598083;
0:00:02.186614;0.14970183372498;1.787504196167;0.23461008071899;
0:00:02.034510;0.15072202682495;1.6387498378754;0.22952795028687;
0:00:01.977313;0.15359401702881;1.5746419429779;0.23449301719666;
0:00:01.923385;0.14841389656067;1.5272240638733;0.23296499252319;
0:00:02.097586;0.14962005615234;1.6954929828644;0.23774886131287;
0:00:02.461477;0.1537971496582;2.0632181167603;0.22975015640259;
0:00:01.903217;0.14813184738159;1.5115790367126;0.22910213470459;
0:00:02.085645;0.14747500419617;1.6928119659424;0.23065686225891;
0:00:01.670694;0.15287399291992;1.2695920467377;0.2331850528717;
0:00:01.563935;0.14983987808228;1.1594650745392;0.23945093154907;
0:00:01.697618;0.14868497848511;1.297523021698;0.23701906204224;
0:00:01.695389;0.15484595298767;1.2927207946777;0.23310017585754;
0:00:01.748261;0.14834117889404;1.3537089824677;0.23121976852417;
0:00:01.742756;0.1644070148468;1.3341021537781;0.2286958694458;
0:00:01.749803;0.15222382545471;1.3549320697784;0.2282030582428;
0:00:01.677519;0.14636492729187;1.2850880622864;0.23084187507629;
0:00:01.679375;0.14898991584778;1.2777259349823;0.2379469871521;
0:00:01.735207;0.15010404586792;1.241012096405;0.32882308959961;
0:00:01.710948;0.14909815788269;1.3153948783875;0.23114204406738;
0:00:01.700885;0.14844179153442;1.3040080070496;0.23302292823792;
0:00:01.821686;0.16396498680115;1.4025309085846;0.24012398719788;
0:00:01.751238;0.15255689620972;1.3468151092529;0.23604702949524;
0:00:01.795462;0.15746879577637;1.365807056427;0.25725817680359;
0:00:01.643992;0.15297102928162;1.2492339611053;0.22749018669128;
0:00:01.761904;0.14757013320923;1.3644559383392;0.23449420928955;
0:00:01.608922;0.14995288848877;1.2063348293304;0.23751401901245;
0:00:01.735192;0.15658116340637;1.3112030029297;0.25225710868835;
0:00:01.605192;0.14899110794067;1.1914610862732;0.24989318847656;
0:00:01.728258;0.14871311187744;1.3273577690125;0.23770213127136;
0:00:01.755605;0.15659713745117;1.3415729999542;0.24247717857361;
0:00:01.818669;0.15016508102417;1.4222459793091;0.23141002655029;
0:00:01.710360;0.14661693572998;1.3000500202179;0.24886298179626;
0:00:01.580944;0.15404486656189;1.1775460243225;0.23461198806763;
0:00:01.535389;0.15037202835083;1.1238889694214;0.24695205688477;
0:00:01.700467;0.15036201477051;1.2930369377136;0.24229979515076;
0:00:01.724221;0.15311789512634;1.3256771564484;0.2303740978241;
0:00:01.689708;0.14819598197937;1.2982549667358;0.22845888137817;
0:00:01.680198;0.15201091766357;1.2802240848541;0.23312902450562;
0:00:01.711402;0.15011382102966;1.3161520957947;0.2307460308075;
0:00:01.680558;0.1590690612793;1.2675859928131;0.23919010162354;
0:00:01.585662;0.14733099937439;1.1858761310577;0.23752808570862;
0:00:01.714255;0.15354609489441;1.3108050823212;0.23477697372437;
0:00:01.807274;0.15248894691467;1.3998579978943;0.23912596702576;
0:00:01.766098;0.14698576927185;1.3723199367523;0.23179006576538;
0:00:01.769673;0.15859603881836;1.361564874649;0.23456001281738;
0:00:01.696694;0.14728307723999;1.2997350692749;0.23521900177002;
0:00:01.769034;0.14890193939209;1.3702070713043;0.23570895195007;
0:00:01.604865;0.15392589569092;1.2053940296173;0.23132109642029;
0:00:01.830766;0.15734505653381;1.416570186615;0.24226808547974;
0:00:01.856100;0.14780116081238;1.4557938575745;0.23727178573608;
0:00:01.581671;0.1546790599823;1.1809470653534;0.23184084892273;
0:00:01.727842;0.14867186546326;1.3300399780273;0.23438596725464;
0:00:01.732155;0.15131878852844;1.329785823822;0.23611402511597;
0:00:01.598875;0.1530339717865;1.2001779079437;0.23104691505432;
0:00:01.704911;0.14802002906799;1.3058149814606;0.23470306396484;
0:00:01.730286;0.14961004257202;1.3344969749451;0.2310471534729;
0:00:01.663242;0.15033602714539;1.264496088028;0.23381590843201;
0:00:01.882274;0.14812684059143;1.4863770008087;0.23167705535889;
0:00:02.483345;0.14808201789856;2.0829319953918;0.23775601387024;
0:00:02.423836;0.1600489616394;2.0190241336823;0.22966599464417;
0:00:02.109479;0.1498920917511;1.7106020450592;0.23435592651367;
0:00:02.555096;0.15092611312866;2.1444621086121;0.24446201324463;
0:00:02.062468;0.15128207206726;1.6664979457855;0.22997307777405;
0:00:02.068073;0.14682388305664;1.6740090847015;0.23258996009827;
0:00:02.286161;0.16046905517578;1.8598759174347;0.25139808654785;
0:00:02.059523;0.15220403671265;1.6622889041901;0.23029088973999;
0:00:01.899215;0.1620180606842;1.4925520420074;0.22998309135437;
0:00:02.363064;0.14632201194763;1.9495539665222;0.25159096717834;
0:00:01.926188;0.15848708152771;1.5127930641174;0.23969793319702;
0:00:02.147784;0.14750003814697;1.7566158771515;0.22896790504456;
0:00:02.124826;0.15060806274414;1.7193818092346;0.23955798149109;
0:00:01.900564;0.15107798576355;1.5025591850281;0.23262310028076;
0:00:01.687986;0.15343499183655;1.2870650291443;0.23290205001831;
0:00:01.633240;0.14775204658508;1.2410249710083;0.22978281974792;
0:00:01.772754;0.15435194969177;1.3704998493195;0.23288416862488;
0:00:01.732607;0.14624500274658;1.3406040668488;0.23157691955566;
0:00:01.661837;0.14820003509521;1.2613401412964;0.2378978729248;
0:00:01.989010;0.15115690231323;1.4309990406036;0.39173293113708;
0:00:01.698074;0.14766597747803;1.2914800643921;0.24336290359497;
0:00:01.584759;0.1483690738678;1.1899189949036;0.23169708251953;
0:00:01.834629;0.16684889793396;1.4248039722443;0.2284619808197;
0:00:01.672868;0.14851188659668;1.2782278060913;0.23195600509644;
0:00:01.839407;0.1496729850769;1.4395430088043;0.23527908325195;
0:00:01.656012;0.15144610404968;1.2499830722809;0.24024200439453;
0:00:01.729991;0.14857292175293;1.3340990543365;0.23238897323608;
0:00:01.580262;0.1710889339447;1.1601650714874;0.23307490348816;
0:00:01.721607;0.15605711936951;1.3187370300293;0.23168110847473;
0:00:01.743886;0.15222096443176;1.3344349861145;0.2422080039978;
0:00:01.890106;0.1499490737915;1.4900300502777;0.23578095436096;
0:00:01.733941;0.15625095367432;1.3273799419403;0.23560905456543;
0:00:01.689073;0.14974999427795;1.2943358421326;0.23052096366882;
0:00:01.705069;0.14992189407349;1.3085479736328;0.23110890388489;
0:00:01.706337;0.15391516685486;1.286239862442;0.25160813331604;
0:00:01.659276;0.148108959198;1.2611739635468;0.2354199886322;
0:00:01.685289;0.14682197570801;1.287162065506;0.23501706123352;
0:00:01.682079;0.15173101425171;1.28693318367;0.22875499725342;
0:00:01.664444;0.14822793006897;1.2732501029968;0.22851514816284;
0:00:01.785727;0.14944982528687;1.3914511203766;0.2298858165741;
0:00:01.657865;0.15283203125;1.2567100524902;0.2339551448822;
0:00:01.729360;0.14851379394531;1.3215680122375;0.24298405647278;
0:00:01.735662;0.149493932724;1.3290858268738;0.24168491363525;
0:00:02.094293;0.1559271812439;1.6936919689178;0.2300980091095;
0:00:01.723107;0.14951801300049;1.3246450424194;0.23411989212036;
0:00:01.694384;0.14783096313477;1.3010618686676;0.23049879074097;
0:00:01.878704;0.15474891662598;1.4794719219208;0.22968602180481;
0:00:01.676075;0.16574501991272;1.2608270645142;0.23497986793518;
0:00:01.705800;0.14701104164124;1.2988109588623;0.24533605575562;
0:00:02.022895;0.15445494651794;1.6210861206055;0.23284387588501;
0:00:01.558831;0.14754199981689;1.165894985199;0.23019695281982;
0:00:01.772911;0.14872002601624;1.3797838687897;0.22982001304626;
0:00:01.708927;0.1534309387207;1.3056859970093;0.23459196090698;
0:00:01.757610;0.14754676818848;1.3655099868774;0.23005104064941;
0:00:01.749834;0.14973115921021;1.3336570262909;0.25062799453735;
0:00:01.755866;0.15444684028625;1.3022549152374;0.28450417518616;
0:00:01.677163;0.14806389808655;1.2854199409485;0.22886419296265;
0:00:01.608812;0.15194392204285;1.2182419300079;0.22393703460693;
0:00:01.804611;0.1533899307251;1.3921189308167;0.24448394775391;
0:00:01.821057;0.15856099128723;1.4118227958679;0.23552417755127;
0:00:01.779268;0.14758396148682;1.3838300704956;0.23308992385864;
0:00:01.664138;0.15631294250488;1.2582669258118;0.23417091369629;
0:00:01.801517;0.15060997009277;1.4094059467316;0.22677302360535;
0:00:01.646247;0.14962410926819;1.2437789440155;0.23772120475769;
0:00:02.122901;0.15342617034912;1.7249710559845;0.22990679740906;
0:00:02.095513;0.14668107032776;1.6967351436615;0.23717594146729;
0:00:02.523530;0.15009903907776;2.1243939399719;0.23427581787109;
0:00:02.168171;0.15348505973816;1.7562899589539;0.24376583099365;
0:00:02.183571;0.14897418022156;1.791916847229;0.22773885726929;
0:00:02.288078;0.14818596839905;1.8872890472412;0.23724818229675;
0:00:02.031882;0.15064477920532;1.6393740177155;0.22696805000305;
0:00:02.107719;0.15023517608643;1.7074110507965;0.23488807678223;
0:00:02.180997;0.15467190742493;1.7720799446106;0.23926615715027;
0:00:02.003663;0.15026807785034;1.6070630550385;0.23161792755127;
0:00:02.282433;0.14879083633423;1.6870269775391;0.23398590087891;
0:00:02.180498;0.14784288406372;1.7904100418091;0.22744393348694;
0:00:02.210879;0.15023183822632;1.6926031112671;0.35302209854126;
0:00:02.306694;0.14837908744812;1.9154720306396;0.22775602340698;
0:00:01.658032;0.14929580688477;1.2530310153961;0.24121809005737;
0:00:01.740712;0.15910601615906;1.3320047855377;0.2348518371582;
0:00:01.681185;0.14668798446655;1.2854390144348;0.23385095596313;
0:00:01.581509;0.14890789985657;1.1835341453552;0.23445606231689;
0:00:01.724673;0.15287899971008;1.3217389583588;0.23477602005005;
0:00:01.683176;0.14829301834106;1.2894859313965;0.23099493980408;
0:00:01.621231;0.14767408370972;1.229071855545;0.22982597351074;
0:00:01.638865;0.1510329246521;1.2426800727844;0.23016691207886;
0:00:01.809332;0.14863896369934;1.3997049331665;0.24618196487427;
0:00:01.781250;0.14816093444824;1.3845789432526;0.23373198509216;
0:00:02.110438;0.15394902229309;1.711776971817;0.2298481464386;
0:00:01.731323;0.14661002159119;1.3354880809784;0.23421907424927;
0:00:01.801558;0.15571308135986;1.37340092659;0.25759291648865;
0:00:01.583946;0.15474009513855;1.1833648681641;0.2315399646759;
0:00:01.691812;0.15058708190918;1.2911639213562;0.23518705368042;
0:00:01.796431;0.14966702461243;1.400249004364;0.23177099227905;
0:00:01.729779;0.15524911880493;1.3285667896271;0.23135018348694;
0:00:01.805388;0.15032291412354;1.407084941864;0.23330879211426;
0:00:01.654249;0.14912819862366;1.2585639953613;0.23170685768127;
0:00:01.723242;0.15119409561157;1.32843708992;0.22824096679688;
0:00:01.655654;0.14826202392578;1.25896692276;0.23334693908691;
0:00:01.920304;0.14637207984924;1.528843164444;0.23039507865906;
0:00:01.685662;0.14975500106812;1.2741770744324;0.24673318862915;
0:00:01.645628;0.14643001556396;1.2474100589752;0.23719501495361;
0:00:02.046420;0.14802384376526;1.6299910545349;0.25336599349976;
0:00:01.680225;0.15455508232117;1.2808549404144;0.23002195358276;
0:00:01.685952;0.14847207069397;1.2919819355011;0.23077416419983;
0:00:01.681982;0.14742493629456;1.2913730144501;0.22842597961426;
0:00:01.726068;0.152095079422;1.324159860611;0.23543000221252;
0:00:01.559168;0.15159702301025;1.157860994339;0.23512387275696;
0:00:01.801126;0.15083003044128;1.4047541618347;0.2309889793396;
0:00:01.704451;0.15514492988586;1.2991240024567;0.23502802848816;
0:00:01.612062;0.14899206161499;1.2215938568115;0.2268500328064;
0:00:01.622294;0.1518759727478;1.2239499092102;0.23181295394897;
0:00:01.712477;0.15245890617371;1.3103139400482;0.23428988456726;
0:00:01.764104;0.15007019042969;1.3630819320679;0.23618197441101;
0:00:01.721475;0.15865516662598;1.3110167980194;0.23707580566406;
0:00:01.848487;0.15353798866272;1.4509570598602;0.22903203964233;
0:00:01.688349;0.14763712882996;1.2983191013336;0.22837591171265;
0:00:01.657052;0.14756202697754;1.2591328620911;0.23554086685181;
0:00:01.745421;0.15200614929199;1.3468790054321;0.23218107223511;
0:00:01.693747;0.14922308921814;1.2961030006409;0.23307490348816;
0:00:01.738707;0.15056395530701;1.3178038597107;0.25540113449097;
0:00:01.702586;0.15297985076904;1.3008329868317;0.23401498794556;
0:00:01.681499;0.15325212478638;1.2632579803467;0.25029110908508;
0:00:01.725853;0.14910793304443;1.3300309181213;0.23132610321045;
0:00:01.939951;0.150465965271;1.5373871326447;0.23751902580261;
0:00:01.657805;0.14850401878357;1.267117023468;0.22767400741577;
0:00:01.673926;0.14640212059021;1.2633559703827;0.24928593635559;
0:00:01.656810;0.15029382705688;1.2400259971619;0.25191497802734;
0:00:02.165194;0.14987516403198;1.751384973526;0.24899315834045;
0:00:02.298535;0.14803600311279;1.9008541107178;0.23494100570679;
0:00:02.459247;0.1514151096344;2.0639231204987;0.22928500175476;
0:00:02.312165;0.14911413192749;1.9141790866852;0.23309087753296;
0:00:02.250275;0.14689493179321;1.8556900024414;0.23298406600952;
0:00:02.075406;0.15279507637024;1.6762051582336;0.23200297355652;
0:00:02.312309;0.16022491455078;1.9092099666595;0.22837996482849;
0:00:02.447720;0.14728617668152;2.0324618816376;0.25317907333374;
0:00:02.072673;0.15594220161438;1.5689749717712;0.33297300338745;
0:00:02.102280;0.14905500411987;1.6955180168152;0.24302697181702;
0:00:02.020820;0.14819693565369;1.6224570274353;0.23516798019409;
0:00:02.083164;0.15340113639832;1.6815040111542;0.23335099220276;
0:00:02.331451;0.14849781990051;1.9310989379883;0.23704504966736;
0:00:02.043957;0.14849400520325;1.6480560302734;0.23254489898682;
0:00:01.692301;0.15833783149719;1.2820959091187;0.23745799064636;
0:00:01.632969;0.1490740776062;1.2243049144745;0.24272918701172;
0:00:01.664729;0.14909911155701;1.26948595047;0.23171305656433;
0:00:01.667234;0.15038800239563;1.2756381034851;0.22642993927002;
0:00:01.531744;0.14729690551758;1.1368629932404;0.2327778339386;
0:00:01.735389;0.14854502677917;1.3374929428101;0.2349419593811;
0:00:01.719960;0.15356087684631;1.2891759872437;0.26224684715271;
0:00:01.992045;0.15059113502502;1.592031955719;0.23442411422729;
0:00:01.712369;0.14780592918396;1.3178989887238;0.2316370010376;
0:00:01.669719;0.15145206451416;1.2738399505615;0.22975206375122;
0:00:02.034081;0.16045594215393;1.6026639938354;0.25605010986328;
0:00:01.754335;0.1536169052124;1.3551158905029;0.230544090271;
0:00:01.767995;0.15143799781799;1.3728678226471;0.22905397415161;
0:00:01.551611;0.14641690254211;1.162764787674;0.22804117202759;
0:00:01.712929;0.15042591094971;1.3164610862732;0.23161697387695;
0:00:01.686665;0.15645408630371;1.2744011878967;0.24090313911438;
0:00:01.790453;0.14741110801697;1.3970971107483;0.23114013671875;
0:00:01.978712;0.14927697181702;1.5671389102936;0.24727988243103;
0:00:01.773467;0.15378403663635;1.3667809963226;0.23827409744263;
0:00:01.747520;0.14957404136658;1.3278548717499;0.25125908851624;
0:00:01.797018;0.15101909637451;1.3951110839844;0.23494291305542;
0:00:01.687960;0.16526699066162;1.278342962265;0.22997903823853;
0:00:01.706532;0.14781188964844;1.3177101612091;0.22635293006897;
0:00:01.875675;0.14751505851746;1.47798204422;0.23543405532837;
0:00:01.694775;0.15188503265381;1.2964930534363;0.2319130897522;
0:00:01.601020;0.15659117698669;1.1926538944244;0.23620295524597;
0:00:01.606620;0.14800190925598;1.1948089599609;0.24914717674255;
0:00:01.773798;0.154452085495;1.3723928928375;0.23229598999023;
0:00:01.762457;0.15045595169067;1.3541479110718;0.24272489547729;
0:00:01.939136;0.27574491500854;1.4169189929962;0.23104214668274;
0:00:01.588020;0.15344595909119;1.1872320175171;0.23225498199463;
0:00:01.671446;0.15308690071106;1.2560420036316;0.24744009971619;
0:00:01.679906;0.14632892608643;1.2801659107208;0.23861193656921;
0:00:01.666313;0.15184497833252;1.2693240642548;0.23049998283386;
0:00:01.723368;0.1484432220459;1.3315851688385;0.228266954422;
0:00:01.656571;0.14620304107666;1.2488398551941;0.24640512466431;
0:00:01.700198;0.15485596656799;1.2969059944153;0.23240494728088;
0:00:01.766481;0.15272092819214;1.3662581443787;0.23280501365662;
0:00:01.623162;0.14627718925476;1.232757806778;0.22972083091736;
0:00:01.650579;0.15474987030029;1.2475609779358;0.23327898979187;
0:00:01.716746;0.1463840007782;1.3248071670532;0.23084902763367;
0:00:01.710206;0.1495099067688;1.3088829517365;0.23640322685242;
0:00:01.993096;0.15505790710449;1.5903120040894;0.23290085792542;
0:00:01.742047;0.15097117424011;1.3405740261078;0.23580121994019;
0:00:01.930597;0.14822196960449;1.5365841388702;0.23114895820618;
0:00:01.676515;0.15323209762573;1.2744419574738;0.23443913459778;
0:00:01.742660;0.1546790599823;1.3432500362396;0.22966694831848;
0:00:01.720790;0.14765691757202;1.3290979862213;0.2291522026062;
0:00:01.804887;0.15468406677246;1.4026620388031;0.23244595527649;
0:00:01.775511;0.14697003364563;1.3753018379211;0.23845314979553;
0:00:02.165703;0.15053606033325;1.7406580448151;0.25871706008911;
0:00:02.834398;0.17140007019043;2.3978879451752;0.25025296211243;
0:00:02.302231;0.14871096611023;1.9063801765442;0.23252201080322;
0:00:02.284459;0.15097689628601;1.8748841285706;0.24387407302856;
0:00:02.461949;0.15822005271912;2.0563011169434;0.23255681991577;
0:00:02.174637;0.1467490196228;1.7834150791168;0.22977590560913;
0:00:02.423802;0.14755606651306;2.029265165329;0.23265695571899;
0:00:02.105835;0.15366196632385;1.6996510028839;0.23765587806702;
0:00:02.016713;0.150799036026;1.6213450431824;0.22947716712952;
0:00:02.032085;0.14948487281799;1.6181209087372;0.24963712692261;
0:00:01.932175;0.16490697860718;1.5149269104004;0.23761701583862;
0:00:02.460296;0.14739990234375;2.054762840271;0.24321603775024;
0:00:02.050606;0.14747595787048;1.6476538181305;0.24066019058228;
0:00:02.038296;0.157870054245;1.6297869682312;0.23501706123352;
0:00:01.979847;0.14826703071594;1.5889489650726;0.22830295562744;
0:00:01.727183;0.14978194236755;1.3328249454498;0.23030209541321;
0:00:01.663828;0.15167379379272;1.2612428665161;0.23600101470947;
0:00:01.802436;0.14702105522156;1.4076819419861;0.23311901092529;
0:00:01.703066;0.15223503112793;1.3060581684113;0.22883009910583;
0:00:01.714142;0.15069103240967;1.3096969127655;0.2393479347229;
0:00:01.682604;0.14772200584412;1.2855198383331;0.2343909740448;
0:00:01.673966;0.14668488502502;1.2818260192871;0.23000407218933;
0:00:01.921044;0.15536999702454;1.5222179889679;0.22937703132629;
0:00:01.698455;0.14803314208984;1.2980029582977;0.2375500202179;
0:00:01.768638;0.15622782707214;1.3644790649414;0.23170590400696;
0:00:01.687066;0.15285515785217;1.2929849624634;0.22709393501282;
0:00:01.940354;0.14964199066162;1.5472860336304;0.22917604446411;
0:00:01.623992;0.14714789390564;1.2301359176636;0.23173213005066;
0:00:01.716160;0.15947699546814;1.3073618412018;0.23412394523621;
0:00:01.711007;0.15357303619385;1.3130710124969;0.22903895378113;
0:00:01.755076;0.15126585960388;1.354779958725;0.23424410820007;
0:00:01.789671;0.152587890625;1.3933568000793;0.22917699813843;
0:00:01.669665;0.14585304260254;1.2805790901184;0.2285258769989;
0:00:01.875509;0.14761781692505;1.481281042099;0.23113989830017;
0:00:01.867777;0.15321898460388;1.4678602218628;0.23183703422546;
0:00:01.737035;0.14822387695312;1.3393909931183;0.23436403274536;
0:00:01.613212;0.14897990226746;1.2190880775452;0.23105597496033;
0:00:01.680477;0.15302395820618;1.2812669277191;0.23181390762329;
0:00:01.634228;0.14937782287598;1.2363979816437;0.23371601104736;
0:00:01.906224;0.23330903053284;1.4218738079071;0.23507905006409;
0:00:01.704588;0.15071392059326;1.3040940761566;0.23502492904663;
0:00:01.728235;0.1626238822937;1.3004670143127;0.25037598609924;
0:00:01.759430;0.15005993843079;1.2587368488312;0.33018803596497;
0:00:01.706210;0.15589785575867;1.3056399822235;0.22905516624451;
0:00:01.692603;0.14882588386536;1.300616979599;0.22814011573792;
0:00:01.661650;0.15712094306946;1.2578802108765;0.23158001899719;
0:00:01.729214;0.15228700637817;1.3283278942108;0.23460984230042;
0:00:01.731203;0.15090799331665;1.3319480419159;0.23373699188232;
0:00:01.565755;0.14849209785461;1.1711781024933;0.23185420036316;
0:00:01.759816;0.15398216247559;1.3609600067139;0.22950005531311;
0:00:01.718163;0.15771698951721;1.3120920658112;0.23268508911133;
0:00:01.626187;0.1464478969574;1.2330269813538;0.23124098777771;
0:00:01.951603;0.15748596191406;1.5483660697937;0.23010683059692;
0:00:01.813784;0.1466178894043;1.4043340682983;0.24792504310608;
0:00:01.703482;0.14986395835876;1.3081150054932;0.23117208480835;
0:00:01.847424;0.17067289352417;1.3922610282898;0.26908683776855;
0:00:01.755527;0.15700101852417;1.3546960353851;0.22929406166077;
0:00:01.723060;0.147705078125;1.3291161060333;0.23164701461792;
0:00:01.737057;0.14989995956421;1.34219789505;0.23036909103394;
0:00:01.745897;0.15005803108215;1.3446660041809;0.23572516441345;
0:00:01.924209;0.14928793907166;1.5284790992737;0.23213601112366;
0:00:01.685240;0.15400505065918;1.2834389209747;0.23341107368469;
0:00:01.651526;0.14828300476074;1.2608330249786;0.22743010520935;
0:00:01.739047;0.14791893959045;1.3452081680298;0.2311429977417;
0:00:01.857470;0.15296196937561;1.4615550041199;0.22826790809631;
0:00:02.332736;0.14791584014893;1.9416880607605;0.22847294807434;
0:00:02.334142;0.14810013771057;1.9319889545441;0.23952603340149;
0:00:02.073510;0.15421986579895;1.6742970943451;0.23054385185242;
0:00:02.439580;0.14941096305847;2.0462338924408;0.22894406318665;
0:00:02.239643;0.15057396888733;1.8362610340118;0.23759484291077;
0:00:02.166896;0.15106105804443;1.7645919322968;0.23640990257263;
0:00:02.271470;0.16245007514954;1.864758014679;0.22952795028687;
0:00:01.910202;0.1487021446228;1.5183010101318;0.22901797294617;
0:00:02.080418;0.15470504760742;1.6748859882355;0.23602986335754;
0:00:01.940359;0.15045404434204;1.5447189807892;0.22979712486267;
0:00:02.144465;0.15059804916382;1.7396509647369;0.23946499824524;
0:00:02.457871;0.15724611282349;2.0350069999695;0.25084686279297;
0:00:02.032048;0.1482241153717;1.6395628452301;0.22858810424805;
0:00:02.033063;0.15124106407166;1.6310839653015;0.23608016967773;
0:00:01.866073;0.1517128944397;1.4592900276184;0.2402811050415;
0:00:01.725909;0.14980387687683;1.3311400413513;0.22957611083984;
0:00:01.738846;0.14871692657471;1.3431420326233;0.23202586174011;
0:00:01.739704;0.15298700332642;1.321357011795;0.25078201293945;
0:00:01.695465;0.15046811103821;1.2874829769135;0.24316000938416;
0:00:01.845992;0.14851188659668;1.4508640766144;0.23176407814026;
0:00:01.665280;0.1511709690094;1.2686171531677;0.2303318977356;
0:00:01.930102;0.14770102500916;1.5392332077026;0.22868800163269;
0:00:01.747019;0.14837002754211;1.3496799468994;0.23378300666809;
0:00:01.708484;0.15490913391113;1.3014590740204;0.23729705810547;
0:00:01.677367;0.1472270488739;1.2856998443604;0.22921514511108;
0:00:01.614551;0.14728903770447;1.2145400047302;0.23732399940491;
0:00:02.015611;0.15448498725891;1.6104311943054;0.23447203636169;
0:00:01.492584;0.14848494529724;1.0989811420441;0.22993683815002;
0:00:01.697335;0.1488881111145;1.3024289608002;0.23091292381287;
0:00:01.693265;0.15296983718872;1.2910709381104;0.2344388961792;
0:00:01.677482;0.14859700202942;1.2816319465637;0.23262596130371;
0:00:01.700874;0.14809608459473;1.3067200183868;0.23128914833069;
0:00:01.710009;0.15593004226685;1.3022749423981;0.23656702041626;
0:00:01.682988;0.14701509475708;1.2848889827728;0.2371768951416;
0:00:02.123089;0.14891195297241;1.3775849342346;0.57627582550049;
0:00:01.793984;0.15250897407532;1.392942905426;0.23344588279724;
0:00:01.669436;0.14610004425049;1.2801220417023;0.22845411300659;
0:00:02.068470;0.15220403671265;1.6652581691742;0.23568820953369;
0:00:01.695808;0.15573787689209;1.2956609725952;0.22958302497864;
0:00:01.657749;0.1491870880127;1.2642209529877;0.22660994529724;
0:00:01.685070;0.14895486831665;1.2685639858246;0.25260019302368;
0:00:01.753265;0.19345092773438;1.3141820430756;0.23062014579773;
0:00:01.541961;0.14836382865906;1.1498231887817;0.22911310195923;
0:00:01.912235;0.14832592010498;1.5109150409698;0.23786997795105;
0:00:01.762786;0.15391492843628;1.3431189060211;0.24948382377625;
0:00:01.742496;0.15035200119019;1.343160867691;0.23392295837402;
0:00:01.710381;0.14953708648682;1.3085820674896;0.23729300498962;
0:00:01.784976;0.155916929245;1.3838698863983;0.23038291931152;
0:00:01.676954;0.15590906143188;1.2548050880432;0.25118803977966;
0:00:01.707290;0.15259504318237;1.2999801635742;0.23910999298096;
0:00:01.706624;0.1538360118866;1.302089214325;0.23618507385254;
0:00:01.769555;0.15244507789612;1.3629779815674;0.23897099494934;
0:00:01.699360;0.14803218841553;1.2968962192535;0.23762798309326;
0:00:01.773055;0.15570497512817;1.3678460121155;0.23431205749512;
0:00:01.666978;0.14906191825867;1.2746629714966;0.22782802581787;
0:00:01.792098;0.15510892868042;1.3874750137329;0.23519206047058;
0:00:01.710524;0.15452194213867;1.3125131130219;0.2288019657135;
0:00:01.770568;0.15187382698059;1.3708810806274;0.23287582397461;
0:00:01.651395;0.14748597145081;1.2612149715424;0.22754287719727;
0:00:01.733671;0.15257000923157;1.3190550804138;0.24746608734131;
0:00:01.601767;0.14861297607422;1.2081699371338;0.23034596443176;
0:00:01.820469;0.14994597434998;1.3887650966644;0.26704597473145;
0:00:01.689246;0.15144991874695;1.2878408432007;0.23489093780518;
0:00:01.925211;0.15867900848389;1.5236411094666;0.22702288627625;
0:00:02.299819;0.14632201194763;1.9104630947113;0.22825503349304;
0:00:02.265950;0.15538597106934;1.8647079467773;0.23162913322449;
0:00:02.416416;0.14689183235168;2.0209329128265;0.23390984535217;
0:00:02.147796;0.14693117141724;1.7465109825134;0.23954010009766;
0:00:02.344756;0.16439700126648;1.9215369224548;0.24272203445435;
0:00:02.286383;0.1481499671936;1.8942348957062;0.22921299934387;
0:00:02.293940;0.15450382232666;1.8860328197479;0.23754787445068;
0:00:02.028560;0.15050506591797;1.6315450668335;0.23210215568542;
0:00:02.044988;0.14892101287842;1.6432480812073;0.23774600028992;
0:00:02.158346;0.22984385490417;1.6662530899048;0.24723315238953;
0:00:02.102688;0.15375900268555;1.7014141082764;0.23273897171021;
0:00:02.288920;0.14891409873962;1.8793089389801;0.24559020996094;
0:00:02.215241;0.14498400688171;1.8187730312347;0.23690986633301;
0:00:01.918224;0.15583395957947;1.5130410194397;0.23446202278137;
0:00:01.782543;0.15118813514709;1.3732659816742;0.24303603172302;
0:00:01.678681;0.14775896072388;1.2848610877991;0.23138904571533;
0:00:01.802460;0.15423202514648;1.3994810581207;0.23362493515015;
0:00:01.987408;0.1465950012207;1.5913989543915;0.23401284217834;
0:00:01.701725;0.14611101150513;1.3073179721832;0.23284196853638;
0:00:01.773912;0.16511511802673;1.3486638069153;0.24545311927795;
0:00:01.809410;0.15858387947083;1.4023978710175;0.23297595977783;
0:00:01.733115;0.15036201477051;1.333475112915;0.23468995094299;
0:00:01.659545;0.15360903739929;1.2446558475494;0.24660992622375;
0:00:01.682601;0.14839005470276;1.2919991016388;0.22698020935059;
0:00:01.729668;0.14865779876709;1.3289470672607;0.23695206642151;
0:00:01.887534;0.15158796310425;1.4818599224091;0.23925304412842;
0:00:01.887516;0.14953899383545;1.472470998764;0.25081300735474;
0:00:01.640065;0.14693903923035;1.2411580085754;0.23737692832947;
0:00:01.701111;0.16340899467468;1.2923250198364;0.231036901474;
0:00:01.687736;0.14724516868591;1.2871260643005;0.23874402046204;
0:00:01.697148;0.15327000617981;1.2994379997253;0.22982406616211;
0:00:01.673678;0.15114808082581;1.280620098114;0.22730588912964;
0:00:01.766937;0.14844512939453;1.3708300590515;0.23389601707458;
0:00:01.628703;0.14989709854126;1.2325849533081;0.23172903060913;
0:00:01.660785;0.15308618545532;1.260999917984;0.23199105262756;
0:00:02.000738;0.14986801147461;1.6009330749512;0.23480200767517;
0:00:01.770517;0.154296875;1.3671140670776;0.23465585708618;
0:00:01.715515;0.15389704704285;1.3098437786102;0.23692989349365;
0:00:01.748455;0.1478590965271;1.3375370502472;0.24831891059875;
0:00:01.653795;0.14885306358337;1.2356460094452;0.25490593910217;
0:00:01.751092;0.1551570892334;1.345095872879;0.23572897911072;
0:00:01.693083;0.14734101295471;1.3059260845184;0.22473311424255;
0:00:01.965422;0.15113401412964;1.571485042572;0.22761797904968;
0:00:01.858389;0.15350198745728;1.4568209648132;0.23274993896484;
0:00:01.743949;0.14946007728577;1.329537153244;0.24926900863647;
0:00:01.810761;0.15486693382263;1.3865840435028;0.25392508506775;
0:00:01.626456;0.15466594696045;1.220883846283;0.23570394515991;
0:00:01.687244;0.14877891540527;1.2946419715881;0.22911715507507;
0:00:01.723099;0.15643310546875;1.3073089122772;0.24455189704895;
0:00:01.751494;0.15282392501831;1.3317420482635;0.25191712379456;
0:00:01.599179;0.14828109741211;1.2059271335602;0.2302508354187;
0:00:01.806281;0.14844393730164;1.3901779651642;0.25292205810547;
0:00:01.913059;0.154452085495;1.480329990387;0.26372003555298;
0:00:01.633305;0.14753699302673;1.2444100379944;0.22642803192139;
0:00:01.723464;0.14685988426208;1.2670841217041;0.29444193840027;
0:00:01.704609;0.15282797813416;1.3017919063568;0.23479580879211;
0:00:01.745892;0.15331196784973;1.3452188968658;0.2324481010437;
0:00:01.835398;0.14807415008545;1.4394481182098;0.23253393173218;
0:00:01.671088;0.15615797042847;1.2636740207672;0.2350070476532;
0:00:01.660727;0.14959311485291;1.2652299404144;0.23123097419739;
0:00:01.731840;0.14738202095032;1.3367509841919;0.23290610313416;
0:00:01.729656;0.15045809745789;1.3351979255676;0.2292308807373;
0:00:01.806458;0.14742612838745;1.4086711406708;0.2341890335083;
0:00:02.093458;0.15414500236511;1.6896839141846;0.23406910896301;
0:00:01.998540;0.15045094490051;1.602236032486;0.23043894767761;
0:00:02.015839;0.14728903770447;1.6250040531158;0.22895503044128;
0:00:02.039567;0.15001702308655;1.6421589851379;0.23235607147217;
0:00:02.365586;0.15090107917786;1.9616079330444;0.23832607269287;
0:00:01.959927;0.14721894264221;1.5655028820038;0.23168516159058;
0:00:02.084287;0.15157198905945;1.6793479919434;0.23798012733459;
0:00:02.180145;0.15099596977234;1.7789549827576;0.23509311676025;
0:00:01.554119;0.14662289619446;1.1612048149109;0.23176002502441;
0:00:01.721402;0.14944505691528;1.324912071228;0.23223090171814;
0:00:01.705793;0.15056705474854;1.3052320480347;0.23484396934509;
0:00:01.389820;0.14538502693176;0.994225025177;0.23553800582886;
0:00:01.670221;0.14713501930237;1.2720739841461;0.23641300201416;
0:00:01.807800;0.16428017616272;1.3889911174774;0.23234605789185;
0:00:01.995382;0.14802193641663;1.6002871990204;0.2323169708252;
0:00:01.770077;0.15511798858643;1.3648989200592;0.23310208320618;
0:00:01.757557;0.15043783187866;1.3612759113312;0.23119497299194;
0:00:01.744898;0.15303611755371;1.3468999862671;0.23053288459778;
0:00:01.674974;0.14859008789062;1.2794320583344;0.23216605186462;
0:00:01.676772;0.15106701850891;1.2770900726318;0.23413586616516;
0:00:01.670167;0.14785695075989;1.2622599601746;0.24589204788208;
0:00:01.951996;0.14753103256226;1.5446720123291;0.24515700340271;
0:00:01.719638;0.1529848575592;1.3172509670258;0.23401379585266;
0:00:01.721862;0.16305804252625;1.2892830371857;0.25414514541626;
0:00:01.851329;0.14805293083191;1.4560849666595;0.2324481010437;
0:00:01.940792;0.15226197242737;1.541718006134;0.23208093643188;
0:00:01.902317;0.14796805381775;1.5050580501556;0.23430299758911;
0:00:01.580085;0.15311980247498;1.1775979995728;0.23390913009644;
0:00:01.666221;0.15012311935425;1.2653729915619;0.23591804504395;
0:00:01.784744;0.14778113365173;1.3840210437775;0.23850893974304;
0:00:01.874916;0.15205478668213;1.4773368835449;0.23033499717712;
0:00:01.715993;0.153324842453;1.3173189163208;0.23063898086548;
0:00:01.693751;0.14814901351929;1.2952899932861;0.23545908927917;
0:00:01.904854;0.14785313606262;1.5124340057373;0.22909116744995;
0:00:01.606234;0.15232396125793;1.1946918964386;0.24472093582153;
0:00:01.662961;0.14720892906189;1.2594351768494;0.24207901954651;
0:00:01.690649;0.14930701255798;1.2934820652008;0.23331499099731;
0:00:01.700912;0.153076171875;1.2992618083954;0.23335003852844;
0:00:01.674837;0.15314102172852;1.2741260528564;0.23230409622192;
0:00:01.885981;0.16817808151245;1.4742171764374;0.2280330657959;
0:00:01.839170;0.1589789390564;1.4319808483124;0.23228693008423;
0:00:02.004867;0.15314507484436;1.60808801651;0.22967600822449;
0:00:01.828062;0.15044212341309;1.4198360443115;0.24338102340698;
0:00:01.752214;0.15502905845642;1.3494069576263;0.23348999023438;
0:00:01.668218;0.1458261013031;1.2799620628357;0.22772908210754;
0:00:01.718360;0.15209794044495;1.3172109127045;0.23390817642212;
0:00:01.786791;0.16525197029114;1.3718340396881;0.23591804504395;
0:00:01.779233;0.15199208259583;1.3613979816437;0.25031900405884;
0:00:01.748922;0.1474940776825;1.3521900177002;0.23438596725464;
0:00:01.967811;0.15488600730896;1.5619690418243;0.23545384407043;
0:00:01.813319;0.14800500869751;1.3558979034424;0.29441714286804;
0:00:01.706196;0.14821696281433;1.3088619709015;0.23416686058044;
0:00:01.824230;0.1540961265564;1.4032940864563;0.25030899047852;
0:00:02.064779;0.14850783348083;1.6661441326141;0.2354428768158;
0:00:01.732393;0.14652490615845;1.3362209796906;0.23476099967957;
0:00:01.712175;0.1545398235321;1.2973811626434;0.24522995948792;
0:00:01.697753;0.14935398101807;1.2981941699982;0.23368906974792;
0:00:01.666080;0.14734697341919;1.2697699069977;0.23400211334229;
0:00:01.694398;0.15084981918335;1.280946969986;0.24814987182617;
0:00:01.662120;0.14812302589417;1.2675230503082;0.23130583763123;
0:00:01.614539;0.15204191207886;1.1995849609375;0.24795889854431;
0:00:01.687779;0.15179896354675;1.2903089523315;0.23096108436584;
0:00:01.677289;0.15376091003418;1.2803900241852;0.22834014892578;
0:00:01.710445;0.14911293983459;1.3134458065033;0.23264408111572;
0:00:01.800370;0.15454506874084;1.4002299308777;0.2313768863678;
0:00:02.459493;0.14807605743408;2.0659580230713;0.23066401481628;
0:00:02.088574;0.16029000282288;1.6754198074341;0.23825883865356;
0:00:02.410035;0.15162086486816;2.0119919776917;0.23168396949768;
0:00:02.020626;0.15065789222717;1.6257259845734;0.22984313964844;
0:00:02.107385;0.15167903900146;1.7035999298096;0.23708510398865;
0:00:02.286089;0.15402913093567;1.8840939998627;0.23320698738098;
0:00:02.578153;0.15306687355042;2.1732778549194;0.23727297782898;
0:00:02.067184;0.15580701828003;1.6568729877472;0.23889303207397;
0:00:02.273711;0.17069602012634;1.8549029827118;0.23354601860046;
0:00:01.887817;0.15141010284424;1.4929549694061;0.22871112823486;
0:00:02.065337;0.14583301544189;1.6747100353241;0.22992205619812;
0:00:02.061627;0.15231680870056;1.666836977005;0.22800993919373;
0:00:02.077096;0.14879512786865;1.6784601211548;0.23548412322998;
0:00:01.967446;0.14681386947632;1.566801071167;0.23924899101257;
0:00:01.745687;0.15331983566284;1.343190908432;0.23449087142944;
0:00:01.656720;0.14634799957275;1.2633891105652;0.23241901397705;
0:00:01.689460;0.148766040802;1.2962870597839;0.22925996780396;
0:00:02.021073;0.15204501152039;1.6187100410461;0.23526692390442;
0:00:01.689047;0.14834809303284;1.2886221408844;0.23647093772888;
0:00:01.711030;0.15171408653259;1.3113338947296;0.23339891433716;
0:00:01.874573;0.15311503410339;1.3777289390564;0.32418298721313;
0:00:01.868556;0.15743708610535;1.4441819190979;0.25192809104919;
0:00:01.738604;0.14758706092834;1.3309981822968;0.24486899375916;
0:00:01.990553;0.15172100067139;1.5928611755371;0.23151922225952;
0:00:01.694569;0.14736104011536;1.3020038604736;0.23055815696716;
0:00:01.698463;0.16434693336487;1.2848670482635;0.23409485816956;
0:00:01.646963;0.15815114974976;1.2406649589539;0.23352098464966;
0:00:01.589172;0.15224695205688;1.1932520866394;0.22850513458252;
0:00:01.703327;0.14591288566589;1.3158690929413;0.22705984115601;
0:00:01.961271;0.15105700492859;1.5658891201019;0.22961807250977;
0:00:01.708680;0.14721012115479;1.3138809204102;0.23304986953735;
0:00:01.942290;0.16287398338318;1.512216091156;0.25283694267273;
0:00:01.699041;0.15325999259949;1.2974410057068;0.23411011695862;
0:00:02.111799;0.1642951965332;1.6989469528198;0.23346495628357;
0:00:01.618390;0.14789891242981;1.2217519283295;0.23367094993591;
0:00:01.955581;0.16841506958008;1.5238878726959;0.24852299690247;
0:00:01.658641;0.14683198928833;1.2635509967804;0.23372721672058;
0:00:01.663671;0.14709091186523;1.2706789970398;0.23147702217102;
0:00:01.959862;0.15356993675232;1.5577630996704;0.2338650226593;
0:00:01.672540;0.14764904975891;1.2793040275574;0.23056292533875;
0:00:01.721617;0.14854693412781;1.3260788917542;0.23106694221497;
0:00:01.632536;0.15181589126587;1.2324860095978;0.23360300064087;
0:00:01.657477;0.14778113365173;1.2588348388672;0.23456001281738;
0:00:01.654485;0.14883017539978;1.2574350833893;0.23400282859802;
0:00:01.592736;0.15163111686707;1.1941850185394;0.23240900039673;
0:00:01.807886;0.26076292991638;1.29270195961;0.24034214019775;
0:00:01.744468;0.14756989479065;1.3523490428925;0.22967982292175;
0:00:02.001415;0.16420483589172;1.5819299221039;0.2407591342926;
0:00:01.650534;0.14992094039917;1.2446401119232;0.24087405204773;
0:00:01.704046;0.149169921875;1.3056049346924;0.23461198806763;
0:00:01.713492;0.15357398986816;1.3108899593353;0.23412203788757;
0:00:01.676091;0.14661192893982;1.2814018726349;0.23241281509399;
0:00:01.998185;0.14548397064209;1.6103961467743;0.22687816619873;
0:00:01.732835;0.15384197235107;1.3365471363068;0.22798013687134;
0:00:01.924070;0.14785003662109;1.5213298797607;0.2401978969574;
0:00:01.762323;0.14977598190308;1.3459191322327;0.25192999839783;
0:00:01.831747;0.15129089355469;1.4371440410614;0.22888708114624;
0:00:01.677703;0.15221500396729;1.2837200164795;0.22697401046753;
0:00:01.616886;0.15937209129333;1.2064509391785;0.23509478569031;
0:00:01.698343;0.16773200035095;1.281210899353;0.23443603515625;
0:00:01.961178;0.15001201629639;1.5620949268341;0.23434209823608;
0:00:01.752609;0.14869904518127;1.3340380191803;0.25439500808716;
0:00:01.761881;0.15368700027466;1.3440420627594;0.24936509132385;
0:00:01.654410;0.14703893661499;1.2646489143372;0.22782802581787;
0:00:02.248170;0.14791107177734;1.8514530658722;0.232008934021;
0:00:02.384227;0.15008401870728;1.9903149604797;0.22939205169678;
0:00:02.206561;0.15111303329468;1.7914001941681;0.24955892562866;
0:00:02.235016;0.14875292778015;1.8293478488922;0.23991799354553;
0:00:02.227119;0.15470099449158;1.8205828666687;0.23703193664551;
0:00:02.135474;0.14795303344727;1.7435371875763;0.2294499874115;
0:00:02.253583;0.16112303733826;1.8229598999023;0.25395703315735;
0:00:02.121287;0.15261292457581;1.7165589332581;0.23650312423706;
0:00:02.062667;0.15445899963379;1.65616106987;0.23622894287109;
0:00:02.038779;0.1484968662262;1.6421830654144;0.23312306404114;
0:00:02.038912;0.15170907974243;1.6336989402771;0.2387330532074;
0:00:02.317638;0.1495099067688;1.9225919246674;0.23069882392883;
0:00:02.034810;0.16907286643982;1.6091339588165;0.24157094955444;
0:00:01.962442;0.15167808532715;1.5632891654968;0.2325439453125;
0:00:01.791301;0.15016007423401;1.3799800872803;0.24656391143799;
0:00:01.639349;0.14862704277039;1.2382109165192;0.23810601234436;
0:00:01.795162;0.15342092514038;1.4005410671234;0.22628688812256;
0:00:01.615661;0.14485597610474;1.2274050712585;0.22913694381714;
0:00:01.606382;0.14666318893433;1.2149231433868;0.22985601425171;
0:00:01.732101;0.15572595596313;1.3270330429077;0.23452305793762;
0:00:01.739688;0.14671897888184;1.3450908660889;0.23274183273315;
0:00:02.017950;0.14859199523926;1.6204919815063;0.23399496078491;
0:00:01.696827;0.15520310401917;1.2948079109192;0.23246192932129;
0:00:01.775913;0.14769887924194;1.3837218284607;0.22956800460815;
0:00:01.691318;0.16124892234802;1.2762310504913;0.23812985420227;
0:00:01.730628;0.15538501739502;1.3263239860535;0.23390507698059;
0:00:01.706947;0.14920616149902;1.2925109863281;0.22875499725342;
0:00:01.685760;0.14936494827271;1.2888031005859;0.23310995101929;
0:00:01.722692;0.15369701385498;1.3216190338135;0.23173713684082;
0:00:02.022415;0.14949989318848;1.6282639503479;0.22940897941589;
0:00:01.717474;0.1514790058136;1.2991678714752;0.25150990486145;
0:00:01.724026;0.15419507026672;1.3157289028168;0.23900699615479;
0:00:01.867468;0.14805507659912;1.4651610851288;0.23955416679382;
0:00:01.649541;0.16760802268982;1.2314801216125;0.23546099662781;
0:00:01.758238;0.15122985839844;1.3504090309143;0.24181699752808;
0:00:01.765887;0.15103101730347;1.3650848865509;0.2351930141449;
0:00:01.751275;0.14601802825928;1.3622360229492;0.22886896133423;
0:00:01.684877;0.15807104110718;1.2784140110016;0.23263311386108;
0:00:01.679330;0.14787912368774;1.2880280017853;0.22848081588745;
0:00:01.638487;0.1489839553833;1.2376070022583;0.2376651763916;
0:00:01.760187;0.15388584136963;1.361398935318;0.23046112060547;
0:00:01.776867;0.14572787284851;1.3684248924255;0.2479510307312;
0:00:01.630252;0.14867496490479;1.2257270812988;0.24089193344116;
0:00:01.720713;0.15099120140076;1.3241760730743;0.23105597496033;
0:00:01.971395;0.1469988822937;1.5791490077972;0.23108816146851;
0:00:01.602003;0.1502890586853;1.1945381164551;0.24254679679871;
0:00:01.750413;0.15190291404724;1.3459281921387;0.23781085014343;
0:00:01.620381;0.15084004402161;1.2209210395813;0.23378300666809;
0:00:02.177865;0.20229196548462;1.7275700569153;0.23355603218079;
0:00:01.685882;0.15200185775757;1.2832360267639;0.23586511611938;
0:00:01.709164;0.16901111602783;1.2816798686981;0.24366998672485;
